(27.00000, 0.00000, 0.00000), (27.13244, 0.00000, 12.36316)
(27.00000, 1.00000, 0.00000), (27.15960, 0.99540, 12.27129)
(28.00000, 0.00000, 0.00000), (28.13227, 0.00000, 12.34463)
(27.00000, -1.00000, 0.00000), (27.15960, -0.99540, 12.27129)
(26.00000, 0.00000, 0.00000), (26.14901, 0.00000, 12.18191)
(27.00000, 2.00000, 0.00000), (27.24110, 1.95050, 11.98643)
(28.00000, 1.00000, 0.00000), (28.15920, 0.99445, 12.24292)
(26.00000, 1.00000, 0.00000), (26.17608, 0.99545, 12.09052)
(29.00000, 0.00000, 0.00000), (29.10396, 0.00000, 12.10835)
(28.00000, -1.00000, 0.00000), (28.15920, -0.99445, 12.24292)
(27.00000, -2.00000, 0.00000), (27.24110, -1.95050, 11.98643)
(26.00000, -1.00000, 0.00000), (26.17608, -0.99545, 12.09052)
(25.00000, 0.00000, 0.00000), (25.19825, 0.00000, 11.87197)
(27.00000, 3.00000, 0.00000), (27.37550, 2.81370, 11.49979)
(28.00000, 2.00000, 0.00000), (28.23956, 1.94137, 11.93166)
(26.00000, 2.00000, 0.00000), (26.25500, 1.95502, 11.82037)
(29.00000, 1.00000, 0.00000), (29.12742, 0.99303, 11.99284)
(25.00000, 1.00000, 0.00000), (25.22604, 0.99522, 11.77838)
(30.00000, 0.00000, 0.00000), (30.01683, 0.00000, 11.70011)
(29.00000, -1.00000, 0.00000), (29.12742, -0.99303, 11.99284)
(28.00000, -2.00000, 0.00000), (28.23956, -1.94137, 11.93166)
(27.00000, -3.00000, 0.00000), (27.37550, -2.81370, 11.49979)
(26.00000, -2.00000, 0.00000), (26.25500, -1.95502, 11.82037)
(25.00000, -1.00000, 0.00000), (25.22604, -0.99522, 11.77838)
(24.00000, 0.00000, 0.00000), (24.27342, 0.00000, 11.49159)
(27.00000, 4.00000, 0.00000), (27.54087, 3.57878, 10.87745)
(28.00000, 3.00000, 0.00000), (28.37213, 2.79086, 11.42099)
(26.00000, 3.00000, 0.00000), (26.38439, 2.83791, 11.36896)
(29.00000, 2.00000, 0.00000), (29.20193, 1.93308, 11.66004)
(25.00000, 2.00000, 0.00000), (25.30259, 1.95703, 11.51556)
(30.00000, 1.00000, 0.00000), (30.03553, 0.99185, 11.57410)
(24.00000, 1.00000, 0.00000), (24.30080, 0.99533, 11.39901)
(31.00000, 0.00000, 0.00000), (30.85668, 0.00000, 11.15728)
(30.00000, -1.00000, 0.00000), (30.03553, -0.99185, 11.57410)
(29.00000, -2.00000, 0.00000), (29.20193, -1.93308, 11.66004)
(28.00000, -3.00000, 0.00000), (28.37213, -2.79086, 11.42099)
(27.00000, -4.00000, 0.00000), (27.54087, -3.57878, 10.87745)
(26.00000, -3.00000, 0.00000), (26.38439, -2.83791, 11.36896)
(25.00000, -2.00000, 0.00000), (25.30259, -1.95703, 11.51556)
(24.00000, -1.00000, 0.00000), (24.30080, -0.99533, 11.39901)
(23.00000, 0.00000, 0.00000), (23.36096, 0.00000, 11.08243)
(27.00000, 5.00000, 0.00000), (27.71860, 4.28425, 10.19135)
(28.00000, 4.00000, 0.00000), (28.53640, 3.54763, 10.78828)
(26.00000, 4.00000, 0.00000), (26.54693, 3.62955, 10.77999)
(29.00000, 3.00000, 0.00000), (29.33370, 2.78105, 11.14664)
(25.00000, 3.00000, 0.00000), (25.42251, 2.85687, 11.09615)
(30.00000, 2.00000, 0.00000), (30.10495, 1.92839, 11.23046)
(24.00000, 2.00000, 0.00000), (24.37411, 1.95953, 11.14419)
(31.00000, 1.00000, 0.00000), (30.87341, 0.99150, 11.02824)
(23.00000, 1.00000, 0.00000), (23.38592, 0.99588, 10.99529)
(32.00000, 0.00000, 0.00000), (31.62208, 0.00000, 10.51374)
(31.00000, -1.00000, 0.00000), (30.87341, -0.99150, 11.02824)
(30.00000, -2.00000, 0.00000), (30.10495, -1.92839, 11.23046)
(29.00000, -3.00000, 0.00000), (29.33370, -2.78105, 11.14664)
(28.00000, -4.00000, 0.00000), (28.53640, -3.54763, 10.78828)
(27.00000, -5.00000, 0.00000), (27.71860, -4.28425, 10.19135)
(26.00000, -4.00000, 0.00000), (26.54693, -3.62955, 10.77999)
(25.00000, -3.00000, 0.00000), (25.42251, -2.85687, 11.09615)
(24.00000, -2.00000, 0.00000), (24.37411, -1.95953, 11.14419)
(23.00000, -1.00000, 0.00000), (23.38592, -0.99588, 10.99529)
(22.00000, 0.00000, 0.00000), (22.44564, 0.00000, 10.67971)
(27.00000, 6.00000, 0.00000), (27.90246, 4.95294, 9.47091)
(28.00000, 5.00000, 0.00000), (28.71355, 4.24867, 10.09751)
(26.00000, 5.00000, 0.00000), (26.72404, 4.35460, 10.11445)
(29.00000, 4.00000, 0.00000), (29.50035, 3.54413, 10.52219)
(25.00000, 4.00000, 0.00000), (25.57569, 3.67840, 10.54695)
(30.00000, 3.00000, 0.00000), (30.24041, 2.78045, 10.72486)
(24.00000, 3.00000, 0.00000), (24.48475, 2.87152, 10.74917)
(31.00000, 2.00000, 0.00000), (30.94362, 1.92842, 10.68583)
(23.00000, 2.00000, 0.00000), (23.45377, 1.96373, 10.75307)
(32.00000, 1.00000, 0.00000), (31.64269, 0.99202, 10.38934)
(22.00000, 1.00000, 0.00000), (22.46774, 0.99650, 10.59910)
(33.00000, 0.00000, 0.00000), (32.33205, 0.00000, 9.80951)
(32.00000, -1.00000, 0.00000), (31.64269, -0.99202, 10.38934)
(31.00000, -2.00000, 0.00000), (30.94362, -1.92842, 10.68583)
(30.00000, -3.00000, 0.00000), (30.24041, -2.78045, 10.72486)
(29.00000, -4.00000, 0.00000), (29.50035, -3.54413, 10.52219)
(28.00000, -5.00000, 0.00000), (28.71355, -4.24867, 10.09751)
(27.00000, -6.00000, 0.00000), (27.90246, -4.95294, 9.47091)
(26.00000, -5.00000, 0.00000), (26.72404, -4.35460, 10.11445)
(25.00000, -4.00000, 0.00000), (25.57569, -3.67840, 10.54695)
(24.00000, -3.00000, 0.00000), (24.48475, -2.87152, 10.74917)
(23.00000, -2.00000, 0.00000), (23.45377, -1.96373, 10.75307)
(22.00000, -1.00000, 0.00000), (22.46774, -0.99650, 10.59910)
(21.00000, 0.00000, 0.00000), (21.51298, 0.00000, 10.31895)
(27.00000, 7.00000, 0.00000), (28.08769, 5.60175, 8.73285)
(28.00000, 6.00000, 0.00000), (28.89696, 4.91385, 9.37370)
(26.00000, 6.00000, 0.00000), (26.90800, 5.03442, 9.40452)
(29.00000, 5.00000, 0.00000), (29.67845, 4.24834, 9.83489)
(25.00000, 5.00000, 0.00000), (25.74795, 4.43045, 9.91076)
(30.00000, 4.00000, 0.00000), (30.41272, 3.55235, 10.11292)
(24.00000, 4.00000, 0.00000), (24.62654, 3.71712, 10.23453)
(31.00000, 3.00000, 0.00000), (31.08565, 2.78544, 10.19051)
(23.00000, 3.00000, 0.00000), (23.55700, 2.88422, 10.37619)
(32.00000, 2.00000, 0.00000), (31.72211, 1.93225, 10.05818)
(22.00000, 2.00000, 0.00000), (22.53002, 1.96794, 10.37012)
(33.00000, 1.00000, 0.00000), (32.36047, 0.99279, 9.69306)
(21.00000, 1.00000, 0.00000), (21.53341, 0.99688, 10.24271)
(34.00000, 0.00000, 0.00000), (33.01491, 0.00000, 9.07895)
(33.00000, -1.00000, 0.00000), (32.36047, -0.99279, 9.69306)
(32.00000, -2.00000, 0.00000), (31.72211, -1.93225, 10.05818)
(31.00000, -3.00000, 0.00000), (31.08565, -2.78544, 10.19051)
(30.00000, -4.00000, 0.00000), (30.41272, -3.55235, 10.11292)
(29.00000, -5.00000, 0.00000), (29.67845, -4.24834, 9.83489)
(28.00000, -6.00000, 0.00000), (28.89696, -4.91385, 9.37370)
(27.00000, -7.00000, 0.00000), (28.08769, -5.60175, 8.73285)
(26.00000, -6.00000, 0.00000), (26.90800, -5.03442, 9.40452)
(25.00000, -5.00000, 0.00000), (25.74795, -4.43045, 9.91076)
(24.00000, -4.00000, 0.00000), (24.62654, -3.71712, 10.23453)
(23.00000, -3.00000, 0.00000), (23.55700, -2.88422, 10.37619)
(22.00000, -2.00000, 0.00000), (22.53002, -1.96794, 10.37012)
(21.00000, -1.00000, 0.00000), (21.53341, -0.99688, 10.24271)
(20.00000, 0.00000, 0.00000), (20.55754, 0.00000, 10.02376)
(27.00000, 8.00000, 0.00000), (28.27133, 6.24549, 7.98996)
(28.00000, 7.00000, 0.00000), (29.08191, 5.56054, 8.63371)
(26.00000, 7.00000, 0.00000), (27.09341, 5.68960, 8.67216)
(29.00000, 6.00000, 0.00000), (29.86165, 4.91276, 9.11034)
(25.00000, 6.00000, 0.00000), (25.92996, 5.12919, 9.21891)
(30.00000, 5.00000, 0.00000), (30.59274, 4.26033, 9.43001)
(24.00000, 5.00000, 0.00000), (24.79072, 4.49575, 9.62891)
(31.00000, 4.00000, 0.00000), (31.26412, 3.56375, 9.58852)
(23.00000, 4.00000, 0.00000), (23.68999, 3.74511, 9.88510)
(32.00000, 3.00000, 0.00000), (31.87345, 2.79439, 9.57465)
(22.00000, 3.00000, 0.00000), (22.62795, 2.89427, 10.00636)
(33.00000, 2.00000, 0.00000), (32.45484, 1.93705, 9.37768)
(21.00000, 2.00000, 0.00000), (21.59230, 1.97060, 10.02272)
(34.00000, 1.00000, 0.00000), (33.05138, 0.99339, 8.97012)
(20.00000, 1.00000, 0.00000), (20.57754, 0.99699, 9.94891)
(35.00000, 0.00000, 0.00000), (33.69007, 0.00000, 8.34128)
(34.00000, -1.00000, 0.00000), (33.05138, -0.99339, 8.97012)
(33.00000, -2.00000, 0.00000), (32.45484, -1.93705, 9.37768)
(32.00000, -3.00000, 0.00000), (31.87345, -2.79439, 9.57465)
(31.00000, -4.00000, 0.00000), (31.26412, -3.56375, 9.58852)
(30.00000, -5.00000, 0.00000), (30.59274, -4.26033, 9.43001)
(29.00000, -6.00000, 0.00000), (29.86165, -4.91276, 9.11034)
(28.00000, -7.00000, 0.00000), (29.08191, -5.56054, 8.63371)
(27.00000, -8.00000, 0.00000), (28.27133, -6.24549, 7.98996)
(26.00000, -7.00000, 0.00000), (27.09341, -5.68960, 8.67216)
(25.00000, -6.00000, 0.00000), (25.92996, -5.12919, 9.21891)
(24.00000, -5.00000, 0.00000), (24.79072, -4.49575, 9.62891)
(23.00000, -4.00000, 0.00000), (23.68999, -3.74511, 9.88510)
(22.00000, -3.00000, 0.00000), (22.62795, -2.89427, 10.00636)
(21.00000, -2.00000, 0.00000), (21.59230, -1.97060, 10.02272)
(20.00000, -1.00000, 0.00000), (20.57754, -0.99699, 9.94891)
(19.00000, 0.00000, 0.00000), (19.58138, 0.00000, 9.80673)
(27.00000, 9.00000, 0.00000), (28.45375, 6.88266, 7.24114)
(28.00000, 8.00000, 0.00000), (29.26577, 6.20594, 7.89233)
(26.00000, 8.00000, 0.00000), (27.27716, 6.33631, 7.93188)
(29.00000, 7.00000, 0.00000), (30.04746, 5.56276, 8.37348)
(25.00000, 7.00000, 0.00000), (26.11461, 5.79674, 8.49761)
(30.00000, 6.00000, 0.00000), (30.77804, 4.92953, 8.71040)
(24.00000, 6.00000, 0.00000), (24.96823, 5.21700, 8.95937)
(31.00000, 5.00000, 0.00000), (31.44900, 4.27827, 8.91378)
(23.00000, 5.00000, 0.00000), (23.84583, 4.54475, 9.30519)
(32.00000, 4.00000, 0.00000), (32.05998, 3.57888, 8.98323)
(22.00000, 4.00000, 0.00000), (22.75536, 3.76424, 9.53000)
(33.00000, 3.00000, 0.00000), (32.61903, 2.80465, 8.90831)
(21.00000, 3.00000, 0.00000), (21.68723, 2.90045, 9.66722)
(34.00000, 2.00000, 0.00000), (33.16114, 1.94089, 8.66978)
(20.00000, 2.00000, 0.00000), (20.63539, 1.97154, 9.73233)
(35.00000, 1.00000, 0.00000), (33.73159, 0.99369, 8.23711)
(19.00000, 1.00000, 0.00000), (19.60154, 0.99693, 9.73113)
(36.00000, 0.00000, 0.00000), (34.36139, 0.00000, 7.60011)
(35.00000, -1.00000, 0.00000), (33.73159, -0.99369, 8.23711)
(34.00000, -2.00000, 0.00000), (33.16114, -1.94089, 8.66978)
(33.00000, -3.00000, 0.00000), (32.61903, -2.80465, 8.90831)
(32.00000, -4.00000, 0.00000), (32.05998, -3.57888, 8.98323)
(31.00000, -5.00000, 0.00000), (31.44900, -4.27827, 8.91378)
(30.00000, -6.00000, 0.00000), (30.77804, -4.92953, 8.71040)
(29.00000, -7.00000, 0.00000), (30.04746, -5.56276, 8.37348)
(28.00000, -8.00000, 0.00000), (29.26577, -6.20594, 7.89233)
(27.00000, -9.00000, 0.00000), (28.45375, -6.88266, 7.24114)
(26.00000, -8.00000, 0.00000), (27.27716, -6.33631, 7.93188)
(25.00000, -7.00000, 0.00000), (26.11461, -5.79674, 8.49761)
(24.00000, -6.00000, 0.00000), (24.96823, -5.21700, 8.95937)
(23.00000, -5.00000, 0.00000), (23.84583, -4.54475, 9.30519)
(22.00000, -4.00000, 0.00000), (22.75536, -3.76424, 9.53000)
(21.00000, -3.00000, 0.00000), (21.68723, -2.90045, 9.66722)
(20.00000, -2.00000, 0.00000), (20.63539, -1.97154, 9.73233)
(19.00000, -1.00000, 0.00000), (19.60154, -0.99693, 9.73113)
(18.00000, 0.00000, 0.00000), (18.58933, 0.00000, 9.68081)
(27.00000, 10.00000, 0.00000), (28.63574, 7.50866, 6.48285)
(28.00000, 9.00000, 0.00000), (29.44871, 6.84737, 7.14728)
(26.00000, 9.00000, 0.00000), (27.45964, 6.97478, 7.18418)
(29.00000, 8.00000, 0.00000), (30.23360, 6.21760, 7.64099)
(25.00000, 8.00000, 0.00000), (26.29804, 6.45163, 7.76449)
(30.00000, 7.00000, 0.00000), (30.96849, 5.59101, 7.98503)
(24.00000, 7.00000, 0.00000), (25.15055, 5.90133, 8.25335)
(31.00000, 6.00000, 0.00000), (31.64133, 4.95857, 8.20653)
(23.00000, 6.00000, 0.00000), (24.01690, 5.28917, 8.65976)
(32.00000, 5.00000, 0.00000), (32.25457, 4.30322, 8.32181)
(22.00000, 5.00000, 0.00000), (22.90452, 4.57875, 8.96937)
(33.00000, 4.00000, 0.00000), (32.81779, 3.59662, 8.33100)
(21.00000, 4.00000, 0.00000), (21.81163, 3.77551, 9.19946)
(34.00000, 3.00000, 0.00000), (33.33985, 2.81350, 8.21524)
(20.00000, 3.00000, 0.00000), (20.72901, 2.90319, 9.38122)
(35.00000, 2.00000, 0.00000), (33.85243, 1.94309, 7.94720)
(19.00000, 2.00000, 0.00000), (19.65960, 1.97127, 9.51363)
(36.00000, 1.00000, 0.00000), (34.40575, 0.99384, 7.49852)
(18.00000, 1.00000, 0.00000), (18.60975, 0.99678, 9.60327)
(37.00000, 0.00000, 0.00000), (35.03154, 0.00000, 6.85788)
(36.00000, -1.00000, 0.00000), (34.40575, -0.99384, 7.49852)
(35.00000, -2.00000, 0.00000), (33.85243, -1.94309, 7.94720)
(34.00000, -3.00000, 0.00000), (33.33985, -2.81350, 8.21524)
(33.00000, -4.00000, 0.00000), (32.81779, -3.59662, 8.33100)
(32.00000, -5.00000, 0.00000), (32.25457, -4.30322, 8.32181)
(31.00000, -6.00000, 0.00000), (31.64133, -4.95857, 8.20653)
(30.00000, -7.00000, 0.00000), (30.96849, -5.59101, 7.98503)
(29.00000, -8.00000, 0.00000), (30.23360, -6.21760, 7.64099)
(28.00000, -9.00000, 0.00000), (29.44871, -6.84737, 7.14728)
(27.00000, -10.00000, 0.00000), (28.63574, -7.50866, 6.48285)
(26.00000, -9.00000, 0.00000), (27.45964, -6.97478, 7.18418)
(25.00000, -8.00000, 0.00000), (26.29804, -6.45163, 7.76449)
(24.00000, -7.00000, 0.00000), (25.15055, -5.90133, 8.25335)
(23.00000, -6.00000, 0.00000), (24.01690, -5.28917, 8.65976)
(22.00000, -5.00000, 0.00000), (22.90452, -4.57875, 8.96937)
(21.00000, -4.00000, 0.00000), (21.81163, -3.77551, 9.19946)
(20.00000, -3.00000, 0.00000), (20.72901, -2.90319, 9.38122)
(19.00000, -2.00000, 0.00000), (19.65960, -1.97127, 9.51363)
(18.00000, -1.00000, 0.00000), (18.60975, -0.99678, 9.60327)
(17.00000, 0.00000, 0.00000), (17.58986, 0.00000, 9.64848)
(27.00000, 11.00000, 0.00000), (28.81779, 8.12239, 5.71461)
(28.00000, 10.00000, 0.00000), (29.63106, 7.47647, 6.39165)
(26.00000, 10.00000, 0.00000), (27.64172, 7.60281, 6.42759)
(29.00000, 9.00000, 0.00000), (30.41901, 6.87036, 6.90647)
(25.00000, 9.00000, 0.00000), (26.48038, 7.09601, 7.02184)
(30.00000, 8.00000, 0.00000), (31.16061, 6.26165, 7.26855)
(24.00000, 8.00000, 0.00000), (25.33260, 6.56962, 7.53207)
(31.00000, 7.00000, 0.00000), (31.84085, 5.63567, 7.49820)
(23.00000, 7.00000, 0.00000), (24.19512, 5.99391, 7.97305)
(32.00000, 6.00000, 0.00000), (32.45851, 4.99735, 7.63145)
(22.00000, 6.00000, 0.00000), (23.06874, 5.34381, 8.34669)
(33.00000, 5.00000, 0.00000), (33.02575, 4.33182, 7.68584)
(21.00000, 5.00000, 0.00000), (21.95654, 4.59952, 8.65174)
(34.00000, 4.00000, 0.00000), (33.55303, 3.61280, 7.65338)
(20.00000, 4.00000, 0.00000), (20.85182, 3.78135, 8.91890)
(35.00000, 3.00000, 0.00000), (34.04530, 2.81978, 7.50651)
(19.00000, 3.00000, 0.00000), (19.75308, 2.90316, 9.16315)
(36.00000, 2.00000, 0.00000), (34.53502, 1.94447, 7.21640)
(18.00000, 2.00000, 0.00000), (18.66833, 1.97019, 9.38184)
(37.00000, 1.00000, 0.00000), (35.07786, 0.99393, 6.75807)
(17.00000, 1.00000, 0.00000), (17.61035, 0.99660, 9.56864)
(38.00000, 0.00000, 0.00000), (35.70256, 0.00000, 6.11644)
(37.00000, -1.00000, 0.00000), (35.07786, -0.99393, 6.75807)
(36.00000, -2.00000, 0.00000), (34.53502, -1.94447, 7.21640)
(35.00000, -3.00000, 0.00000), (34.04530, -2.81978, 7.50651)
(34.00000, -4.00000, 0.00000), (33.55303, -3.61280, 7.65338)
(33.00000, -5.00000, 0.00000), (33.02575, -4.33182, 7.68584)
(32.00000, -6.00000, 0.00000), (32.45851, -4.99735, 7.63145)
(31.00000, -7.00000, 0.00000), (31.84085, -5.63567, 7.49820)
(30.00000, -8.00000, 0.00000), (31.16061, -6.26165, 7.26855)
(29.00000, -9.00000, 0.00000), (30.41901, -6.87036, 6.90647)
(28.00000, -10.00000, 0.00000), (29.63106, -7.47647, 6.39165)
(27.00000, -11.00000, 0.00000), (28.81779, -8.12239, 5.71461)
(26.00000, -10.00000, 0.00000), (27.64172, -7.60281, 6.42759)
(25.00000, -9.00000, 0.00000), (26.48038, -7.09601, 7.02184)
(24.00000, -8.00000, 0.00000), (25.33260, -6.56962, 7.53207)
(23.00000, -7.00000, 0.00000), (24.19512, -5.99391, 7.97305)
(22.00000, -6.00000, 0.00000), (23.06874, -5.34381, 8.34669)
(21.00000, -5.00000, 0.00000), (21.95654, -4.59952, 8.65174)
(20.00000, -4.00000, 0.00000), (20.85182, -3.78135, 8.91890)
(19.00000, -3.00000, 0.00000), (19.75308, -2.90316, 9.16315)
(18.00000, -2.00000, 0.00000), (18.66833, -1.97019, 9.38184)
(17.00000, -1.00000, 0.00000), (17.61035, -0.99660, 9.56864)
(16.00000, 0.00000, 0.00000), (16.59122, 0.00000, 9.70065)
(27.00000, 12.00000, 0.00000), (29.00007, 8.72518, 4.93781)
(28.00000, 11.00000, 0.00000), (29.81313, 8.09047, 5.62362)
(26.00000, 11.00000, 0.00000), (27.82395, 8.22003, 5.66220)
(29.00000, 10.00000, 0.00000), (30.60290, 7.50764, 6.15809)
(25.00000, 10.00000, 0.00000), (26.66241, 7.72974, 6.27001)
(30.00000, 9.00000, 0.00000), (31.35164, 6.93122, 6.55079)
(24.00000, 9.00000, 0.00000), (25.51413, 7.22483, 6.79876)
(31.00000, 8.00000, 0.00000), (32.04285, 6.32448, 6.80197)
(23.00000, 8.00000, 0.00000), (24.37452, 6.67951, 7.26752)
(32.00000, 7.00000, 0.00000), (32.67009, 5.69004, 6.94195)
(22.00000, 7.00000, 0.00000), (23.24148, 6.07074, 7.68206)
(33.00000, 6.00000, 0.00000), (33.24327, 5.03895, 7.01305)
(21.00000, 6.00000, 0.00000), (22.11524, 5.38037, 8.04751)
(34.00000, 5.00000, 0.00000), (33.77588, 4.35815, 7.02507)
(20.00000, 5.00000, 0.00000), (20.99444, 4.61108, 8.37926)
(35.00000, 4.00000, 0.00000), (34.27483, 3.62612, 6.96141)
(19.00000, 4.00000, 0.00000), (19.87537, 3.78262, 8.70315)
(36.00000, 3.00000, 0.00000), (34.74276, 2.82478, 6.78990)
(18.00000, 3.00000, 0.00000), (18.76223, 2.90083, 9.02816)
(37.00000, 2.00000, 0.00000), (35.21492, 1.94556, 6.48310)
(17.00000, 2.00000, 0.00000), (17.66913, 1.96875, 9.34178)
(38.00000, 1.00000, 0.00000), (35.75061, 0.99400, 6.01820)
(16.00000, 1.00000, 0.00000), (16.61159, 0.99641, 9.61847)
(39.00000, 0.00000, 0.00000), (36.37537, 0.00000, 5.37663)
(38.00000, -1.00000, 0.00000), (35.75061, -0.99400, 6.01820)
(37.00000, -2.00000, 0.00000), (35.21492, -1.94556, 6.48310)
(36.00000, -3.00000, 0.00000), (34.74276, -2.82478, 6.78990)
(35.00000, -4.00000, 0.00000), (34.27483, -3.62612, 6.96141)
(34.00000, -5.00000, 0.00000), (33.77588, -4.35815, 7.02507)
(33.00000, -6.00000, 0.00000), (33.24327, -5.03895, 7.01305)
(32.00000, -7.00000, 0.00000), (32.67009, -5.69004, 6.94195)
(31.00000, -8.00000, 0.00000), (32.04285, -6.32448, 6.80197)
(30.00000, -9.00000, 0.00000), (31.35164, -6.93122, 6.55079)
(29.00000, -10.00000, 0.00000), (30.60290, -7.50764, 6.15809)
(28.00000, -11.00000, 0.00000), (29.81313, -8.09047, 5.62362)
(27.00000, -12.00000, 0.00000), (29.00007, -8.72518, 4.93781)
(26.00000, -11.00000, 0.00000), (27.82395, -8.22003, 5.66220)
(25.00000, -10.00000, 0.00000), (26.66241, -7.72974, 6.27001)
(24.00000, -9.00000, 0.00000), (25.51413, -7.22483, 6.79876)
(23.00000, -8.00000, 0.00000), (24.37452, -6.67951, 7.26752)
(22.00000, -7.00000, 0.00000), (23.24148, -6.07074, 7.68206)
(21.00000, -6.00000, 0.00000), (22.11524, -5.38037, 8.04751)
(20.00000, -5.00000, 0.00000), (20.99444, -4.61108, 8.37926)
(19.00000, -4.00000, 0.00000), (19.87537, -3.78262, 8.70315)
(18.00000, -3.00000, 0.00000), (18.76223, -2.90083, 9.02816)
(17.00000, -2.00000, 0.00000), (17.66913, -1.96875, 9.34178)
(16.00000, -1.00000, 0.00000), (16.61159, -0.99641, 9.61847)
(15.00000, 0.00000, 0.00000), (15.59930, 0.00000, 9.82752)
(27.00000, 12.15048, 0.00000), (29.02751, 8.81469, 4.82000)
(28.00000, 12.00000, 0.00000), (29.99525, 8.69169, 4.84557)
(26.00000, 12.00000, 0.00000), (28.00650, 8.82727, 4.88894)
(29.00000, 11.00000, 0.00000), (30.78550, 8.12476, 5.39270)
(25.00000, 11.00000, 0.00000), (26.84466, 8.35337, 5.50983)
(30.00000, 10.00000, 0.00000), (31.53872, 7.57995, 5.81313)
(24.00000, 10.00000, 0.00000), (25.69568, 7.86761, 6.05453)
(31.00000, 9.00000, 0.00000), (32.24320, 7.01344, 6.10541)
(23.00000, 9.00000, 0.00000), (24.55437, 7.34920, 6.54698)
(32.00000, 8.00000, 0.00000), (32.88527, 6.39679, 6.26801)
(22.00000, 8.00000, 0.00000), (23.41718, 6.77585, 6.99507)
(33.00000, 7.00000, 0.00000), (33.46899, 5.74624, 6.34312)
(21.00000, 7.00000, 0.00000), (22.28253, 6.12750, 7.40423)
(34.00000, 6.00000, 0.00000), (34.00885, 5.07771, 6.37088)
(20.00000, 6.00000, 0.00000), (21.14992, 5.40195, 7.78735)
(35.00000, 5.00000, 0.00000), (34.51465, 4.38144, 6.35151)
(19.00000, 5.00000, 0.00000), (20.01708, 4.61523, 8.16774)
(36.00000, 4.00000, 0.00000), (34.99049, 3.63783, 6.26305)
(18.00000, 4.00000, 0.00000), (18.88476, 3.77935, 8.56643)
(37.00000, 3.00000, 0.00000), (35.43765, 2.82896, 6.07079)
(17.00000, 3.00000, 0.00000), (17.76332, 2.89693, 8.98176)
(38.00000, 2.00000, 0.00000), (35.89477, 1.94645, 5.74975)
(16.00000, 2.00000, 0.00000), (16.67008, 1.96707, 9.38524)
(39.00000, 1.00000, 0.00000), (36.42501, 0.99407, 5.27984)
(15.00000, 1.00000, 0.00000), (15.61940, 0.99624, 9.74320)
(39.75478, 0.00000, 0.00000), (36.88513, 0.00000, 4.82000)
(39.00000, -1.00000, 0.00000), (36.42501, -0.99407, 5.27984)
(38.00000, -2.00000, 0.00000), (35.89477, -1.94645, 5.74975)
(37.00000, -3.00000, 0.00000), (35.43765, -2.82896, 6.07079)
(36.00000, -4.00000, 0.00000), (34.99049, -3.63783, 6.26305)
(35.00000, -5.00000, 0.00000), (34.51465, -4.38144, 6.35151)
(34.00000, -6.00000, 0.00000), (34.00885, -5.07771, 6.37088)
(33.00000, -7.00000, 0.00000), (33.46899, -5.74624, 6.34312)
(32.00000, -8.00000, 0.00000), (32.88527, -6.39679, 6.26801)
(31.00000, -9.00000, 0.00000), (32.24320, -7.01344, 6.10541)
(30.00000, -10.00000, 0.00000), (31.53872, -7.57995, 5.81313)
(29.00000, -11.00000, 0.00000), (30.78550, -8.12476, 5.39270)
(28.00000, -12.00000, 0.00000), (29.99525, -8.69169, 4.84557)
(27.00000, -12.15048, 0.00000), (29.02751, -8.81469, 4.82000)
(26.00000, -12.00000, 0.00000), (28.00650, -8.82727, 4.88894)
(25.00000, -11.00000, 0.00000), (26.84466, -8.35337, 5.50983)
(24.00000, -10.00000, 0.00000), (25.69568, -7.86761, 6.05453)
(23.00000, -9.00000, 0.00000), (24.55437, -7.34920, 6.54698)
(22.00000, -8.00000, 0.00000), (23.41718, -6.77585, 6.99507)
(21.00000, -7.00000, 0.00000), (22.28253, -6.12750, 7.40423)
(20.00000, -6.00000, 0.00000), (21.14992, -5.40195, 7.78735)
(19.00000, -5.00000, 0.00000), (20.01708, -4.61523, 8.16774)
(18.00000, -4.00000, 0.00000), (18.88476, -3.77935, 8.56643)
(17.00000, -3.00000, 0.00000), (17.76332, -2.89693, 8.98176)
(16.00000, -2.00000, 0.00000), (16.67008, -1.96707, 9.38524)
(15.00000, -1.00000, 0.00000), (15.61940, -0.99624, 9.74320)
(14.00000, 0.00000, 0.00000), (14.61450, 0.00000, 10.00122)
(28.00000, 12.03266, 0.00000), (30.00120, 8.71112, 4.82000)
(28.11108, 12.00000, 0.00000), (30.10328, 8.69560, 4.82000)
(26.00000, 12.08840, 0.00000), (28.02264, 8.88020, 4.82000)
(25.53015, 12.00000, 0.00000), (27.54644, 8.89325, 4.82000)
(29.00000, 11.73675, 0.00000), (30.91977, 8.56836, 4.82000)
(30.00000, 11.00000, 0.00000), (31.72152, 8.19788, 5.04843)
(25.00000, 11.89867, 0.00000), (27.00883, 8.90545, 4.82000)
(24.00000, 11.00000, 0.00000), (25.87766, 8.49942, 5.30108)
(31.00000, 10.00000, 0.00000), (32.43317, 7.66949, 5.37500)
(23.00000, 10.00000, 0.00000), (24.73494, 8.00354, 5.81266)
(32.00000, 9.00000, 0.00000), (33.09787, 7.10454, 5.59429)
(22.00000, 9.00000, 0.00000), (23.59475, 7.46135, 6.28899)
(33.00000, 8.00000, 0.00000), (33.69994, 6.46986, 5.69272)
(21.00000, 8.00000, 0.00000), (22.45412, 6.85213, 6.73680)
(34.00000, 7.00000, 0.00000), (34.24998, 5.79826, 5.72075)
(20.00000, 7.00000, 0.00000), (21.31339, 6.16367, 7.16041)
(35.00000, 6.00000, 0.00000), (34.76347, 5.11200, 5.71561)
(19.00000, 6.00000, 0.00000), (20.17110, 5.41160, 7.58285)
(36.00000, 5.00000, 0.00000), (35.24667, 4.40156, 5.67052)
(18.00000, 5.00000, 0.00000), (19.02651, 4.61180, 8.03077)
(37.00000, 4.00000, 0.00000), (35.70209, 3.64732, 5.56054)
(17.00000, 4.00000, 0.00000), (17.88616, 3.77228, 8.51414)
(38.00000, 3.00000, 0.00000), (36.13076, 2.83216, 5.34997)
(16.00000, 3.00000, 0.00000), (16.76392, 2.89165, 9.01600)
(39.00000, 2.00000, 0.00000), (36.57546, 1.94715, 5.01718)
(15.00000, 2.00000, 0.00000), (15.67703, 1.96524, 9.50297)
(39.62479, 1.00000, 0.00000), (36.84798, 0.99410, 4.82000)
(14.00000, 1.00000, 0.00000), (14.63427, 0.99608, 9.91502)
(39.62479, -1.00000, 0.00000), (36.84798, -0.99410, 4.82000)
(39.00000, -2.00000, 0.00000), (36.57546, -1.94715, 5.01718)
(38.00000, -3.00000, 0.00000), (36.13076, -2.83216, 5.34997)
(37.00000, -4.00000, 0.00000), (35.70209, -3.64732, 5.56054)
(36.00000, -5.00000, 0.00000), (35.24667, -4.40156, 5.67052)
(35.00000, -6.00000, 0.00000), (34.76347, -5.11200, 5.71561)
(34.00000, -7.00000, 0.00000), (34.24998, -5.79826, 5.72075)
(33.00000, -8.00000, 0.00000), (33.69994, -6.46986, 5.69272)
(32.00000, -9.00000, 0.00000), (33.09787, -7.10454, 5.59429)
(31.00000, -10.00000, 0.00000), (32.43317, -7.66949, 5.37500)
(30.00000, -11.00000, 0.00000), (31.72152, -8.19788, 5.04843)
(29.00000, -11.73675, 0.00000), (30.91977, -8.56836, 4.82000)
(28.11108, -12.00000, 0.00000), (30.10328, -8.69560, 4.82000)
(28.00000, -12.03266, 0.00000), (30.00120, -8.71112, 4.82000)
(26.00000, -12.08840, 0.00000), (28.02264, -8.88020, 4.82000)
(25.53015, -12.00000, 0.00000), (27.54644, -8.89325, 4.82000)
(25.00000, -11.89867, 0.00000), (27.00883, -8.90545, 4.82000)
(24.00000, -11.00000, 0.00000), (25.87766, -8.49942, 5.30108)
(23.00000, -10.00000, 0.00000), (24.73494, -8.00354, 5.81266)
(22.00000, -9.00000, 0.00000), (23.59475, -7.46135, 6.28899)
(21.00000, -8.00000, 0.00000), (22.45412, -6.85213, 6.73680)
(20.00000, -7.00000, 0.00000), (21.31339, -6.16367, 7.16041)
(19.00000, -6.00000, 0.00000), (20.17110, -5.41160, 7.58285)
(18.00000, -5.00000, 0.00000), (19.02651, -4.61180, 8.03077)
(17.00000, -4.00000, 0.00000), (17.88616, -3.77228, 8.51414)
(16.00000, -3.00000, 0.00000), (16.76392, -2.89165, 9.01600)
(15.00000, -2.00000, 0.00000), (15.67703, -1.96524, 9.50297)
(14.00000, -1.00000, 0.00000), (14.63427, -0.99608, 9.91502)
(13.00000, 0.00000, 0.00000), (13.62938, 0.00000, 10.17311)
(30.00000, 11.29249, 0.00000), (31.77453, 8.37269, 4.82000)
(30.50150, 11.00000, 0.00000), (32.16661, 8.23272, 4.82000)
(24.00000, 11.63206, 0.00000), (25.99304, 8.89280, 4.82000)
(23.00000, 11.00000, 0.00000), (24.91637, 8.64445, 5.06679)
(31.00000, 10.70966, 0.00000), (32.55798, 8.09377, 4.82000)
(32.00000, 10.00000, 0.00000), (33.27487, 7.73574, 4.83914)
(22.00000, 10.00000, 0.00000), (23.77401, 8.12784, 5.56534)
(33.00000, 9.00000, 0.00000), (33.92346, 7.19070, 5.03665)
(21.00000, 9.00000, 0.00000), (22.62925, 7.55282, 6.04516)
(34.00000, 8.00000, 0.00000), (34.49811, 6.53694, 5.09402)
(20.00000, 8.00000, 0.00000), (21.48150, 6.90480, 6.51044)
(35.00000, 7.00000, 0.00000), (35.01873, 5.84300, 5.08277)
(19.00000, 7.00000, 0.00000), (20.33261, 6.18201, 6.96611)
(36.00000, 6.00000, 0.00000), (35.50898, 5.14034, 5.04971)
(18.00000, 6.00000, 0.00000), (19.18031, 5.40936, 7.44746)
(37.00000, 5.00000, 0.00000), (35.97186, 4.41718, 4.98215)
(17.00000, 5.00000, 0.00000), (18.02820, 4.60153, 7.97361)
(38.00000, 4.00000, 0.00000), (36.40900, 3.65427, 4.85327)
(16.00000, 4.00000, 0.00000), (16.88651, 3.76167, 8.53846)
(38.73367, 3.00000, 0.00000), (36.63811, 2.83385, 4.82000)
(15.00000, 3.00000, 0.00000), (15.76954, 2.88506, 9.12169)
(39.00000, 2.50617, 0.00000), (36.70039, 2.39628, 4.82000)
(39.26977, 2.00000, 0.00000), (36.75957, 1.94731, 4.82000)
(14.00000, 2.00000, 0.00000), (14.69068, 1.96335, 9.66760)
(13.00000, 1.00000, 0.00000), (13.64890, 0.99596, 10.08545)
(39.26977, -2.00000, 0.00000), (36.75957, -1.94731, 4.82000)
(39.00000, -2.50617, 0.00000), (36.70039, -2.39628, 4.82000)
(38.73367, -3.00000, 0.00000), (36.63811, -2.83385, 4.82000)
(38.00000, -4.00000, 0.00000), (36.40900, -3.65427, 4.85327)
(37.00000, -5.00000, 0.00000), (35.97186, -4.41718, 4.98215)
(36.00000, -6.00000, 0.00000), (35.50898, -5.14034, 5.04971)
(35.00000, -7.00000, 0.00000), (35.01873, -5.84300, 5.08277)
(34.00000, -8.00000, 0.00000), (34.49811, -6.53694, 5.09402)
(33.00000, -9.00000, 0.00000), (33.92346, -7.19070, 5.03665)
(32.00000, -10.00000, 0.00000), (33.27487, -7.73574, 4.83914)
(31.00000, -10.70966, 0.00000), (32.55798, -8.09377, 4.82000)
(30.50150, -11.00000, 0.00000), (32.16661, -8.23272, 4.82000)
(30.00000, -11.29249, 0.00000), (31.77453, -8.37269, 4.82000)
(24.00000, -11.63206, 0.00000), (25.99304, -8.89280, 4.82000)
(23.00000, -11.00000, 0.00000), (24.91637, -8.64445, 5.06679)
(22.00000, -10.00000, 0.00000), (23.77401, -8.12784, 5.56534)
(21.00000, -9.00000, 0.00000), (22.62925, -7.55282, 6.04516)
(20.00000, -8.00000, 0.00000), (21.48150, -6.90480, 6.51044)
(19.00000, -7.00000, 0.00000), (20.33261, -6.18201, 6.96611)
(18.00000, -6.00000, 0.00000), (19.18031, -5.40936, 7.44746)
(17.00000, -5.00000, 0.00000), (18.02820, -4.60153, 7.97361)
(16.00000, -4.00000, 0.00000), (16.88651, -3.76167, 8.53846)
(15.00000, -3.00000, 0.00000), (15.76954, -2.88506, 9.12169)
(14.00000, -2.00000, 0.00000), (14.69068, -1.96335, 9.66760)
(13.00000, -1.00000, 0.00000), (13.64890, -0.99596, 10.08545)
(12.00000, 0.00000, 0.00000), (12.63675, 0.00000, 10.29430)
(23.00000, 11.32688, 0.00000), (24.97594, 8.85035, 4.82000)
(22.00000, 11.00000, 0.00000), (23.95471, 8.77773, 4.82712)
(21.00000, 10.00000, 0.00000), (22.80722, 8.22974, 5.33094)
(20.00000, 9.00000, 0.00000), (21.65442, 7.61909, 5.83228)
(34.44865, 8.00000, 0.00000), (34.85234, 6.56381, 4.82000)
(19.00000, 8.00000, 0.00000), (20.49855, 6.93477, 6.32907)
(35.00000, 7.43830, 0.00000), (35.13659, 6.17340, 4.82000)
(35.40466, 7.00000, 0.00000), (35.32609, 5.85811, 4.82000)
(18.00000, 7.00000, 0.00000), (19.34132, 6.18283, 6.83442)
(36.00000, 6.37272, 0.00000), (35.60936, 5.41616, 4.82000)
(36.34017, 6.00000, 0.00000), (35.75976, 5.14785, 4.82000)
(17.00000, 6.00000, 0.00000), (18.18225, 5.39625, 7.38651)
(37.00000, 5.26682, 0.00000), (36.04506, 4.61603, 4.82000)
(37.23294, 5.00000, 0.00000), (36.13907, 4.41982, 4.82000)
(16.00000, 5.00000, 0.00000), (17.02845, 4.58484, 7.98869)
(38.00000, 4.05866, 0.00000), (36.42546, 3.69969, 4.82000)
(38.04669, 4.00000, 0.00000), (36.44176, 3.65449, 4.82000)
(15.00000, 4.00000, 0.00000), (15.89083, 3.74748, 8.63024)
(14.00000, 3.00000, 0.00000), (14.78102, 2.87757, 9.27259)
(13.00000, 2.00000, 0.00000), (13.70426, 1.96169, 9.83187)
(12.00000, 1.00000, 0.00000), (12.65617, 0.99588, 10.20576)
(38.04669, -4.00000, 0.00000), (36.44176, -3.65449, 4.82000)
(38.00000, -4.05866, 0.00000), (36.42546, -3.69969, 4.82000)
(37.23294, -5.00000, 0.00000), (36.13907, -4.41982, 4.82000)
(37.00000, -5.26682, 0.00000), (36.04506, -4.61603, 4.82000)
(36.34017, -6.00000, 0.00000), (35.75976, -5.14785, 4.82000)
(36.00000, -6.37272, 0.00000), (35.60936, -5.41616, 4.82000)
(35.40466, -7.00000, 0.00000), (35.32609, -5.85811, 4.82000)
(35.00000, -7.43830, 0.00000), (35.13659, -6.17340, 4.82000)
(34.44865, -8.00000, 0.00000), (34.85234, -6.56381, 4.82000)
(23.00000, -11.32688, 0.00000), (24.97594, -8.85035, 4.82000)
(22.00000, -11.00000, 0.00000), (23.95471, -8.77773, 4.82712)
(21.00000, -10.00000, 0.00000), (22.80722, -8.22974, 5.33094)
(20.00000, -9.00000, 0.00000), (21.65442, -7.61909, 5.83228)
(19.00000, -8.00000, 0.00000), (20.49855, -6.93477, 6.32907)
(18.00000, -7.00000, 0.00000), (19.34132, -6.18283, 6.83442)
(17.00000, -6.00000, 0.00000), (18.18225, -5.39625, 7.38651)
(16.00000, -5.00000, 0.00000), (17.02845, -4.58484, 7.98869)
(15.00000, -4.00000, 0.00000), (15.89083, -3.74748, 8.63024)
(14.00000, -3.00000, 0.00000), (14.78102, -2.87757, 9.27259)
(13.00000, -2.00000, 0.00000), (13.70426, -1.96169, 9.83187)
(12.00000, -1.00000, 0.00000), (12.65617, -0.99588, 10.20576)
(11.00000, 0.00000, 0.00000), (11.63715, 0.00000, 10.32228)
(22.00000, 11.00950, 0.00000), (23.95644, 8.78378, 4.82000)
(21.96876, 11.00000, 0.00000), (23.92449, 8.78115, 4.82000)
(21.00000, 10.69834, 0.00000), (22.93290, 8.68890, 4.82000)
(20.00000, 10.00000, 0.00000), (21.83135, 8.30425, 5.12570)
(19.00000, 9.00000, 0.00000), (20.66980, 7.66031, 5.66254)
(18.00000, 8.00000, 0.00000), (19.50639, 6.94156, 6.20427)
(17.00000, 7.00000, 0.00000), (18.34346, 6.16764, 6.77090)
(16.00000, 6.00000, 0.00000), (17.18254, 5.37310, 7.39295)
(15.00000, 5.00000, 0.00000), (16.03181, 4.56185, 8.06728)
(14.00000, 4.00000, 0.00000), (14.90006, 3.73078, 8.76479)
(13.00000, 3.00000, 0.00000), (13.79263, 2.87060, 9.42436)
(12.00000, 2.00000, 0.00000), (12.71108, 1.96063, 9.94838)
(11.00000, 1.00000, 0.00000), (11.65655, 0.99587, 10.23357)
(22.00000, -11.00950, 0.00000), (23.95644, -8.78378, 4.82000)
(21.96876, -11.00000, 0.00000), (23.92449, -8.78115, 4.82000)
(21.00000, -10.69834, 0.00000), (22.93290, -8.68890, 4.82000)
(20.00000, -10.00000, 0.00000), (21.83135, -8.30425, 5.12570)
(19.00000, -9.00000, 0.00000), (20.66980, -7.66031, 5.66254)
(18.00000, -8.00000, 0.00000), (19.50639, -6.94156, 6.20427)
(17.00000, -7.00000, 0.00000), (18.34346, -6.16764, 6.77090)
(16.00000, -6.00000, 0.00000), (17.18254, -5.37310, 7.39295)
(15.00000, -5.00000, 0.00000), (16.03181, -4.56185, 8.06728)
(14.00000, -4.00000, 0.00000), (14.90006, -3.73078, 8.76479)
(13.00000, -3.00000, 0.00000), (13.79263, -2.87060, 9.42436)
(12.00000, -2.00000, 0.00000), (12.71108, -1.96063, 9.94838)
(11.00000, -1.00000, 0.00000), (11.65655, -0.99587, 10.23357)
(10.00000, 0.00000, 0.00000), (10.64273, 0.00000, 10.21679)
(20.00000, 10.42073, 0.00000), (21.90682, 8.58330, 4.82000)
(19.00000, 10.00000, 0.00000), (20.84596, 8.35210, 4.96226)
(18.00000, 9.00000, 0.00000), (19.67667, 7.67528, 5.54651)
(17.00000, 8.00000, 0.00000), (18.50849, 6.92676, 6.14122)
(16.00000, 7.00000, 0.00000), (17.34390, 6.13803, 6.76938)
(15.00000, 6.00000, 0.00000), (16.18525, 5.34053, 7.45891)
(14.00000, 5.00000, 0.00000), (15.03929, 4.53450, 8.18630)
(13.00000, 4.00000, 0.00000), (13.90954, 3.71478, 8.90120)
(12.00000, 3.00000, 0.00000), (12.79849, 2.86578, 9.53236)
(11.00000, 2.00000, 0.00000), (11.71144, 1.96044, 9.97551)
(10.00000, 1.00000, 0.00000), (10.66211, 0.99589, 10.12827)
(20.00000, -10.42073, 0.00000), (21.90682, -8.58330, 4.82000)
(19.00000, -10.00000, 0.00000), (20.84596, -8.35210, 4.96226)
(18.00000, -9.00000, 0.00000), (19.67667, -7.67528, 5.54651)
(17.00000, -8.00000, 0.00000), (18.50849, -6.92676, 6.14122)
(16.00000, -7.00000, 0.00000), (17.34390, -6.13803, 6.76938)
(15.00000, -6.00000, 0.00000), (16.18525, -5.34053, 7.45891)
(14.00000, -5.00000, 0.00000), (15.03929, -4.53450, 8.18630)
(13.00000, -4.00000, 0.00000), (13.90954, -3.71478, 8.90120)
(12.00000, -3.00000, 0.00000), (12.79849, -2.86578, 9.53236)
(11.00000, -2.00000, 0.00000), (11.71144, -1.96044, 9.97551)
(10.00000, -1.00000, 0.00000), (10.66211, -0.99589, 10.12827)
(9.00000, 0.00000, 0.00000), (9.68345, 0.00000, 9.93433)
(19.00000, 10.19693, 0.00000), (20.88120, 8.48363, 4.82000)
(18.00000, 10.00000, 0.00000), (19.85230, 8.37280, 4.85179)
(17.00000, 9.00000, 0.00000), (18.67839, 7.66525, 5.48872)
(16.00000, 8.00000, 0.00000), (17.50909, 6.89264, 6.13434)
(15.00000, 7.00000, 0.00000), (16.34625, 6.09544, 6.82316)
(14.00000, 6.00000, 0.00000), (15.19148, 5.30188, 7.56342)
(13.00000, 5.00000, 0.00000), (14.04709, 4.50808, 8.30811)
(12.00000, 4.00000, 0.00000), (12.91429, 3.70296, 8.99783)
(11.00000, 3.00000, 0.00000), (11.79879, 2.86435, 9.55680)
(10.00000, 2.00000, 0.00000), (10.71677, 1.96105, 9.87239)
(9.00000, 1.00000, 0.00000), (9.70260, 0.99596, 9.84660)
(19.00000, -10.19693, 0.00000), (20.88120, -8.48363, 4.82000)
(18.00000, -10.00000, 0.00000), (19.85230, -8.37280, 4.85179)
(17.00000, -9.00000, 0.00000), (18.67839, -7.66525, 5.48872)
(16.00000, -8.00000, 0.00000), (17.50909, -6.89264, 6.13434)
(15.00000, -7.00000, 0.00000), (16.34625, -6.09544, 6.82316)
(14.00000, -6.00000, 0.00000), (15.19148, -5.30188, 7.56342)
(13.00000, -5.00000, 0.00000), (14.04709, -4.50808, 8.30811)
(12.00000, -4.00000, 0.00000), (12.91429, -3.70296, 8.99783)
(11.00000, -3.00000, 0.00000), (11.79879, -2.86435, 9.55680)
(10.00000, -2.00000, 0.00000), (10.71677, -1.96105, 9.87239)
(9.00000, -1.00000, 0.00000), (9.70260, -0.99596, 9.84660)
(8.00000, 0.00000, 0.00000), (8.79086, 0.00000, 9.48346)
(18.00000, 10.04426, 0.00000), (19.86020, 8.40256, 4.82000)
(17.39179, 10.00000, 0.00000), (19.24493, 8.37006, 4.82000)
(17.00000, 9.97028, 0.00000), (18.84846, 8.34741, 4.82000)
(16.00000, 9.00000, 0.00000), (17.67894, 7.63248, 5.48335)
(15.00000, 8.00000, 0.00000), (16.51136, 6.84148, 6.17804)
(14.00000, 7.00000, 0.00000), (15.35166, 6.04531, 6.91408)
(13.00000, 6.00000, 0.00000), (14.19810, 5.26488, 7.67215)
(12.00000, 5.00000, 0.00000), (13.05096, 4.48804, 8.39371)
(11.00000, 4.00000, 0.00000), (11.91448, 3.69811, 9.01693)
(10.00000, 3.00000, 0.00000), (10.80366, 2.86709, 9.45822)
(9.00000, 2.00000, 0.00000), (9.75536, 1.96294, 9.59728)
(8.00000, 1.00000, 0.00000), (8.80795, 0.99635, 9.39985)
(18.00000, -10.04426, 0.00000), (19.86020, -8.40256, 4.82000)
(17.39179, -10.00000, 0.00000), (19.24493, -8.37006, 4.82000)
(17.00000, -9.97028, 0.00000), (18.84846, -8.34741, 4.82000)
(16.00000, -9.00000, 0.00000), (17.67894, -7.63248, 5.48335)
(15.00000, -8.00000, 0.00000), (16.51136, -6.84148, 6.17804)
(14.00000, -7.00000, 0.00000), (15.35166, -6.04531, 6.91408)
(13.00000, -6.00000, 0.00000), (14.19810, -5.26488, 7.67215)
(12.00000, -5.00000, 0.00000), (13.05096, -4.48804, 8.39371)
(11.00000, -4.00000, 0.00000), (11.91448, -3.69811, 9.01693)
(10.00000, -3.00000, 0.00000), (10.80366, -2.86709, 9.45822)
(9.00000, -2.00000, 0.00000), (9.75536, -1.96294, 9.59728)
(8.00000, -1.00000, 0.00000), (8.80795, -0.99635, 9.39985)
(7.00000, 0.00000, 0.00000), (7.95863, 0.00000, 8.92903)
(16.00000, 9.97146, 0.00000), (17.84903, 8.32152, 4.82000)
(15.00000, 9.00000, 0.00000), (16.68122, 7.57875, 5.52415)
(14.00000, 8.00000, 0.00000), (15.51633, 6.78115, 6.25725)
(13.00000, 7.00000, 0.00000), (14.35752, 5.99842, 7.01146)
(12.00000, 6.00000, 0.00000), (13.20141, 5.23724, 7.74868)
(11.00000, 5.00000, 0.00000), (12.05110, 4.47870, 8.40701)
(10.00000, 4.00000, 0.00000), (10.91905, 3.70296, 8.92155)
(9.00000, 3.00000, 0.00000), (9.83776, 2.87671, 9.19950)
(8.00000, 2.00000, 0.00000), (8.85290, 1.96771, 9.16653)
(7.00000, 1.00000, 0.00000), (7.97140, 0.99694, 8.85195)
(16.00000, -9.97146, 0.00000), (17.84903, -8.32152, 4.82000)
(15.00000, -9.00000, 0.00000), (16.68122, -7.57875, 5.52415)
(14.00000, -8.00000, 0.00000), (15.51633, -6.78115, 6.25725)
(13.00000, -7.00000, 0.00000), (14.35752, -5.99842, 7.01146)
(12.00000, -6.00000, 0.00000), (13.20141, -5.23724, 7.74868)
(11.00000, -5.00000, 0.00000), (12.05110, -4.47870, 8.40701)
(10.00000, -4.00000, 0.00000), (10.91905, -3.70296, 8.92155)
(9.00000, -3.00000, 0.00000), (9.83776, -2.87671, 9.19950)
(8.00000, -2.00000, 0.00000), (8.85290, -1.96771, 9.16653)
(7.00000, -1.00000, 0.00000), (7.97140, -0.99694, 8.85195)
(6.00000, 0.00000, 0.00000), (7.16272, 0.00000, 8.32361)
(15.00000, 10.00000, 0.00000), (16.85628, 8.29344, 4.84697)
(14.00000, 9.00000, 0.00000), (15.68606, 7.51287, 5.59712)
(13.00000, 8.00000, 0.00000), (14.52173, 6.72564, 6.34499)
(12.00000, 7.00000, 0.00000), (13.36055, 5.96525, 7.08183)
(11.00000, 6.00000, 0.00000), (12.20154, 5.22506, 7.75869)
(10.00000, 5.00000, 0.00000), (11.05550, 4.48503, 8.31348)
(9.00000, 4.00000, 0.00000), (9.94857, 3.72481, 8.68137)
(8.00000, 3.00000, 0.00000), (8.92122, 2.89561, 8.80000)
(7.00000, 2.00000, 0.00000), (8.00292, 1.97366, 8.63976)
(6.00000, 1.00000, 0.00000), (7.16971, 0.99756, 8.25421)
(15.00000, -10.00000, 0.00000), (16.85628, -8.29344, 4.84697)
(14.00000, -9.00000, 0.00000), (15.68606, -7.51287, 5.59712)
(13.00000, -8.00000, 0.00000), (14.52173, -6.72564, 6.34499)
(12.00000, -7.00000, 0.00000), (13.36055, -5.96525, 7.08183)
(11.00000, -6.00000, 0.00000), (12.20154, -5.22506, 7.75869)
(10.00000, -5.00000, 0.00000), (11.05550, -4.48503, 8.31348)
(9.00000, -4.00000, 0.00000), (9.94857, -3.72481, 8.68137)
(8.00000, -3.00000, 0.00000), (8.92122, -2.89561, 8.80000)
(7.00000, -2.00000, 0.00000), (8.00292, -1.97366, 8.63976)
(6.00000, -1.00000, 0.00000), (7.16971, -0.99756, 8.25421)
(5.00000, 0.00000, 0.00000), (6.38391, 0.00000, 7.69634)
(15.58056, 10.00000, 0.00000), (17.43553, 8.32149, 4.82000)
(14.00000, 10.00000, 0.00000), (15.86116, 8.23026, 4.92281)
(13.00000, 9.00000, 0.00000), (14.69123, 7.45023, 5.67697)
(12.00000, 8.00000, 0.00000), (13.52461, 6.68851, 6.41103)
(11.00000, 7.00000, 0.00000), (12.36067, 5.95424, 7.09313)
(10.00000, 6.00000, 0.00000), (11.20548, 5.23629, 7.67075)
(9.00000, 5.00000, 0.00000), (10.08147, 4.52000, 8.08975)
(8.00000, 4.00000, 0.00000), (9.01834, 3.76564, 8.31666)
(7.00000, 3.00000, 0.00000), (8.04970, 2.91660, 8.31009)
(6.00000, 2.00000, 0.00000), (7.18542, 1.97915, 8.06385)
(5.00000, 1.00000, 0.00000), (6.38537, 0.99805, 7.63388)
(15.58056, -10.00000, 0.00000), (17.43553, -8.32149, 4.82000)
(14.00000, -10.00000, 0.00000), (15.86116, -8.23026, 4.92281)
(13.00000, -9.00000, 0.00000), (14.69123, -7.45023, 5.67697)
(12.00000, -8.00000, 0.00000), (13.52461, -6.68851, 6.41103)
(11.00000, -7.00000, 0.00000), (12.36067, -5.95424, 7.09313)
(10.00000, -6.00000, 0.00000), (11.20548, -5.23629, 7.67075)
(9.00000, -5.00000, 0.00000), (10.08147, -4.52000, 8.08975)
(8.00000, -4.00000, 0.00000), (9.01834, -3.76564, 8.31666)
(7.00000, -3.00000, 0.00000), (8.04970, -2.91660, 8.31009)
(6.00000, -2.00000, 0.00000), (7.18542, -1.97915, 8.06385)
(5.00000, -1.00000, 0.00000), (6.38537, -0.99805, 7.63388)
(4.00000, 0.00000, 0.00000), (5.61577, 0.00000, 7.05607)
(13.00000, 10.00000, 0.00000), (14.86627, 8.16469, 4.99955)
(12.00000, 9.00000, 0.00000), (13.69393, 7.40718, 5.73661)
(11.00000, 8.00000, 0.00000), (12.52475, 6.68130, 6.42644)
(10.00000, 7.00000, 0.00000), (11.36378, 5.97689, 7.01771)
(9.00000, 6.00000, 0.00000), (10.22788, 5.28844, 7.46680)
(8.00000, 5.00000, 0.00000), (9.14141, 4.58363, 7.75476)
(7.00000, 4.00000, 0.00000), (8.12584, 3.81026, 7.86785)
(6.00000, 3.00000, 0.00000), (7.20953, 2.93410, 7.76805)
(5.00000, 2.00000, 0.00000), (6.38686, 1.98315, 7.46195)
(4.00000, 1.00000, 0.00000), (5.61215, 0.99841, 6.99974)
(13.00000, -10.00000, 0.00000), (14.86627, -8.16469, 4.99955)
(12.00000, -9.00000, 0.00000), (13.69393, -7.40718, 5.73661)
(11.00000, -8.00000, 0.00000), (12.52475, -6.68130, 6.42644)
(10.00000, -7.00000, 0.00000), (11.36378, -5.97689, 7.01771)
(9.00000, -6.00000, 0.00000), (10.22788, -5.28844, 7.46680)
(8.00000, -5.00000, 0.00000), (9.14141, -4.58363, 7.75476)
(7.00000, -4.00000, 0.00000), (8.12584, -3.81026, 7.86785)
(6.00000, -3.00000, 0.00000), (7.20953, -2.93410, 7.76805)
(5.00000, -2.00000, 0.00000), (6.38686, -1.98315, 7.46195)
(4.00000, -1.00000, 0.00000), (5.61215, -0.99841, 6.99974)
(3.00000, 0.00000, 0.00000), (4.85223, 0.00000, 6.41031)
(13.00000, 10.25866, 0.00000), (14.91151, 8.34530, 4.82000)
(12.00000, 10.00000, 0.00000), (13.86889, 8.11410, 5.05129)
(11.00000, 9.00000, 0.00000), (12.69407, 7.39935, 5.75136)
(10.00000, 8.00000, 0.00000), (11.52722, 6.71812, 6.36666)
(9.00000, 7.00000, 0.00000), (10.38257, 6.05211, 6.84001)
(8.00000, 6.00000, 0.00000), (9.27943, 5.37762, 7.16270)
(7.00000, 5.00000, 0.00000), (8.23345, 4.65375, 7.34160)
(6.00000, 4.00000, 0.00000), (7.26315, 3.84702, 7.36345)
(5.00000, 3.00000, 0.00000), (6.39122, 2.94641, 7.19341)
(4.00000, 2.00000, 0.00000), (5.60081, 1.98611, 6.84380)
(3.00000, 1.00000, 0.00000), (4.84395, 0.99868, 6.35953)
(13.00000, -10.25866, 0.00000), (14.91151, -8.34530, 4.82000)
(12.00000, -10.00000, 0.00000), (13.86889, -8.11410, 5.05129)
(11.00000, -9.00000, 0.00000), (12.69407, -7.39935, 5.75136)
(10.00000, -8.00000, 0.00000), (11.52722, -6.71812, 6.36666)
(9.00000, -7.00000, 0.00000), (10.38257, -6.05211, 6.84001)
(8.00000, -6.00000, 0.00000), (9.27943, -5.37762, 7.16270)
(7.00000, -5.00000, 0.00000), (8.23345, -4.65375, 7.34160)
(6.00000, -4.00000, 0.00000), (7.26315, -3.84702, 7.36345)
(5.00000, -3.00000, 0.00000), (6.39122, -2.94641, 7.19341)
(4.00000, -2.00000, 0.00000), (5.60081, -1.98611, 6.84380)
(3.00000, -1.00000, 0.00000), (4.84395, -0.99868, 6.35953)
(2.00000, 0.00000, 0.00000), (4.08910, 0.00000, 5.76407)
(12.00000, 10.33063, 0.00000), (13.92673, 8.34318, 4.82000)
(11.00000, 10.00000, 0.00000), (12.86903, 8.09928, 5.05891)
(10.00000, 9.00000, 0.00000), (11.69642, 7.44216, 5.69798)
(9.00000, 8.00000, 0.00000), (10.54369, 6.81533, 6.21427)
(8.00000, 7.00000, 0.00000), (9.42654, 6.17091, 6.57189)
(7.00000, 6.00000, 0.00000), (8.35827, 5.47586, 6.78611)
(6.00000, 5.00000, 0.00000), (7.35202, 4.71403, 6.87315)
(5.00000, 4.00000, 0.00000), (6.42347, 3.87393, 6.82103)
(4.00000, 3.00000, 0.00000), (5.58741, 2.95549, 6.59860)
(3.00000, 2.00000, 0.00000), (4.82066, 1.98837, 6.21821)
(2.00000, 1.00000, 0.00000), (4.07673, 0.99887, 5.71814)
(12.00000, -10.33063, 0.00000), (13.92673, -8.34318, 4.82000)
(11.00000, -10.00000, 0.00000), (12.86903, -8.09928, 5.05891)
(10.00000, -9.00000, 0.00000), (11.69642, -7.44216, 5.69798)
(9.00000, -8.00000, 0.00000), (10.54369, -6.81533, 6.21427)
(8.00000, -7.00000, 0.00000), (9.42654, -6.17091, 6.57189)
(7.00000, -6.00000, 0.00000), (8.35827, -5.47586, 6.78611)
(6.00000, -5.00000, 0.00000), (7.35202, -4.71403, 6.87315)
(5.00000, -4.00000, 0.00000), (6.42347, -3.87393, 6.82103)
(4.00000, -3.00000, 0.00000), (5.58741, -2.95549, 6.59860)
(3.00000, -2.00000, 0.00000), (4.82066, -1.98837, 6.21821)
(2.00000, -1.00000, 0.00000), (4.07673, -0.99887, 5.71814)
(1.00000, 0.00000, 0.00000), (3.32543, 0.00000, 5.11845)
(11.00000, 10.33763, 0.00000), (12.92813, 8.33042, 4.82000)
(10.00000, 10.00000, 0.00000), (11.87144, 8.13768, 5.00111)
(9.00000, 9.00000, 0.00000), (10.71243, 7.54701, 5.55384)
(8.00000, 8.00000, 0.00000), (9.58298, 6.95933, 5.97699)
(7.00000, 7.00000, 0.00000), (8.49323, 6.30069, 6.23708)
(6.00000, 6.00000, 0.00000), (7.45936, 5.56370, 6.35688)
(5.00000, 5.00000, 0.00000), (6.49158, 4.76171, 6.36583)
(4.00000, 4.00000, 0.00000), (5.59904, 3.89470, 6.25546)
(3.00000, 3.00000, 0.00000), (4.79047, 2.96257, 5.99457)
(2.00000, 2.00000, 0.00000), (4.04263, 1.99004, 5.58998)
(1.00000, 1.00000, 0.00000), (3.30943, 0.99901, 5.07686)
(11.00000, -10.33763, 0.00000), (12.92813, -8.33042, 4.82000)
(10.00000, -10.00000, 0.00000), (11.87144, -8.13768, 5.00111)
(9.00000, -9.00000, 0.00000), (10.71243, -7.54701, 5.55384)
(8.00000, -8.00000, 0.00000), (9.58298, -6.95933, 5.97699)
(7.00000, -7.00000, 0.00000), (8.49323, -6.30069, 6.23708)
(6.00000, -6.00000, 0.00000), (7.45936, -5.56370, 6.35688)
(5.00000, -5.00000, 0.00000), (6.49158, -4.76171, 6.36583)
(4.00000, -4.00000, 0.00000), (5.59904, -3.89470, 6.25546)
(3.00000, -3.00000, 0.00000), (4.79047, -2.96257, 5.99457)
(2.00000, -2.00000, 0.00000), (4.04263, -1.99004, 5.58998)
(1.00000, -1.00000, 0.00000), (3.30943, -0.99901, 5.07686)
(0.53672, 0.00000, 0.00000), (2.97109, 0.00000, 4.82000)
(10.00000, 10.25319, 0.00000), (11.91581, 8.30896, 4.82000)
(9.00000, 10.00000, 0.00000), (10.88771, 8.23657, 4.85114)
(8.00000, 9.00000, 0.00000), (9.75129, 7.69487, 5.32074)
(7.00000, 8.00000, 0.00000), (8.64176, 7.11631, 5.67788)
(6.00000, 7.00000, 0.00000), (7.57773, 6.41908, 5.85259)
(5.00000, 6.00000, 0.00000), (6.57863, 5.63631, 5.88886)
(4.00000, 5.00000, 0.00000), (5.64566, 4.80031, 5.83392)
(3.00000, 4.00000, 0.00000), (4.78261, 3.91119, 5.67824)
(2.00000, 3.00000, 0.00000), (3.99682, 2.96798, 5.38622)
(1.00000, 2.00000, 0.00000), (3.26528, 1.99128, 4.96092)
(0.59872, 1.00000, 0.00000), (3.00113, 0.99905, 4.82000)
(10.00000, -10.25319, 0.00000), (11.91581, -8.30896, 4.82000)
(9.00000, -10.00000, 0.00000), (10.88771, -8.23657, 4.85114)
(8.00000, -9.00000, 0.00000), (9.75129, -7.69487, 5.32074)
(7.00000, -8.00000, 0.00000), (8.64176, -7.11631, 5.67788)
(6.00000, -7.00000, 0.00000), (7.57773, -6.41908, 5.85259)
(5.00000, -6.00000, 0.00000), (6.57863, -5.63631, 5.88886)
(4.00000, -5.00000, 0.00000), (5.64566, -4.80031, 5.83392)
(3.00000, -4.00000, 0.00000), (4.78261, -3.91119, 5.67824)
(2.00000, -3.00000, 0.00000), (3.99682, -2.96798, 5.38622)
(1.00000, -2.00000, 0.00000), (3.26528, -1.99128, 4.96092)
(0.59872, -1.00000, 0.00000), (3.00113, -0.99905, 4.82000)
(9.00000, 10.04306, 0.00000), (10.89527, 8.26533, 4.82000)
(8.87337, 10.00000, 0.00000), (10.76615, 8.25357, 4.82000)
(8.00000, 9.69982, 0.00000), (9.87478, 8.16790, 4.82000)
(7.00000, 9.00000, 0.00000), (8.81153, 7.84369, 5.01298)
(6.00000, 8.00000, 0.00000), (7.71458, 7.26245, 5.33296)
(5.00000, 7.00000, 0.00000), (6.67711, 6.51916, 5.42965)
(4.00000, 6.00000, 0.00000), (5.71188, 5.69573, 5.39366)
(3.00000, 5.00000, 0.00000), (4.80892, 4.83118, 5.28718)
(2.00000, 4.00000, 0.00000), (3.97056, 3.92422, 5.09479)
(1.07142, 3.00000, 0.00000), (3.26086, 2.97192, 4.82000)
(1.00000, 2.76392, 0.00000), (3.21866, 2.74064, 4.82000)
(0.77566, 2.00000, 0.00000), (3.09072, 1.99149, 4.82000)
(9.00000, -10.04306, 0.00000), (10.89527, -8.26533, 4.82000)
(8.87337, -10.00000, 0.00000), (10.76615, -8.25357, 4.82000)
(8.00000, -9.69982, 0.00000), (9.87478, -8.16790, 4.82000)
(7.00000, -9.00000, 0.00000), (8.81153, -7.84369, 5.01298)
(6.00000, -8.00000, 0.00000), (7.71458, -7.26245, 5.33296)
(5.00000, -7.00000, 0.00000), (6.67711, -6.51916, 5.42965)
(4.00000, -6.00000, 0.00000), (5.71188, -5.69573, 5.39366)
(3.00000, -5.00000, 0.00000), (4.80892, -4.83118, 5.28718)
(2.00000, -4.00000, 0.00000), (3.97056, -3.92422, 5.09479)
(1.07142, -3.00000, 0.00000), (3.26086, -2.97192, 4.82000)
(1.00000, -2.76392, 0.00000), (3.21866, -2.74064, 4.82000)
(0.77566, -2.00000, 0.00000), (3.09072, -1.99149, 4.82000)
(6.51486, 9.00000, 0.00000), (8.36859, 7.88750, 4.82000)
(6.00000, 8.71466, 0.00000), (7.84603, 7.74238, 4.82000)
(5.00000, 8.00000, 0.00000), (6.80367, 7.38048, 4.93759)
(4.00000, 7.00000, 0.00000), (5.79295, 6.59750, 4.96909)
(3.00000, 6.00000, 0.00000), (4.85476, 5.74373, 4.88079)
(2.15792, 5.00000, 0.00000), (4.10864, 4.85226, 4.82000)
(2.00000, 4.75824, 0.00000), (3.97568, 4.63090, 4.82000)
(1.53035, 4.00000, 0.00000), (3.58973, 3.92926, 4.82000)
(6.51486, -9.00000, 0.00000), (8.36859, -7.88750, 4.82000)
(6.00000, -8.71466, 0.00000), (7.84603, -7.74238, 4.82000)
(5.00000, -8.00000, 0.00000), (6.80367, -7.38048, 4.93759)
(4.00000, -7.00000, 0.00000), (5.79295, -6.59750, 4.96909)
(3.00000, -6.00000, 0.00000), (4.85476, -5.74373, 4.88079)
(2.15792, -5.00000, 0.00000), (4.10864, -4.85226, 4.82000)
(2.00000, -4.75824, 0.00000), (3.97568, -4.63090, 4.82000)
(1.53035, -4.00000, 0.00000), (3.58973, -3.92926, 4.82000)
(3.67533, 7.00000, 0.00000), (5.50552, 6.62132, 4.82000)
(3.00000, 6.16390, 0.00000), (4.86343, 5.89569, 4.82000)
(2.88363, 6.00000, 0.00000), (4.75564, 5.74833, 4.82000)
(3.67533, -7.00000, 0.00000), (5.50552, -6.62132, 4.82000)
(3.00000, -6.16390, 0.00000), (4.86343, -5.89569, 4.82000)
(2.88363, -6.00000, 0.00000), (4.75564, -5.74833, 4.82000)
