(0.02127, 0.00000, 0.00000)
(0.04435, -0.50000, 0.00000)
(0.04435, 0.50000, 0.00000)
(0.11209, -1.00000, 0.00000)
(0.11208, 1.00000, 0.00000)
(0.22244, -1.50000, 0.00000)
(0.22244, 1.50000, 0.00000)
(0.37433, -2.00000, 0.00000)
(0.37433, 2.00000, 0.00000)
(0.50000, -2.32624, 0.00000)
(0.50000, -2.00000, 0.00000)
(0.50000, -1.50000, 0.00000)
(0.50000, -1.00000, 0.00000)
(0.50000, -0.50000, 0.00000)
(0.50000, 0.00000, 0.00000)
(0.49999, 1.00000, 0.00000)
(0.50000, 0.50000, 0.00000)
(0.50000, 1.50000, 0.00000)
(0.50000, 2.00000, 0.00000)
(0.50000, 2.32624, 0.00000)
(0.56779, -2.50000, 0.00000)
(0.56779, 2.49999, 0.00000)
(0.80446, -3.00000, 0.00000)
(0.80446, 3.00000, 0.00000)
(1.00000, -3.34937, 0.00000)
(1.00000, -3.00000, 0.00000)
(1.00000, -2.50000, 0.00000)
(1.00000, -2.00000, 0.00000)
(1.00000, -1.50000, 0.00000)
(1.00000, -1.00000, 0.00000)
(1.00000, -0.50000, 0.00000)
(1.00000, 0.00000, 0.00000)
(1.00000, 0.50000, 0.00000)
(1.00000, 1.00000, 0.00000)
(1.00000, 1.50000, 0.00000)
(1.00000, 2.00000, 0.00000)
(1.00000, 2.49999, 0.00000)
(1.00000, 3.00000, 0.00000)
(1.00000, 3.34938, 0.00000)
(1.08580, -3.50001, 0.00000)
(1.08580, 3.50000, 0.00000)
(1.41230, -4.00000, 0.00000)
(1.41230, 4.00000, 0.00000)
(1.50000, -4.12060, 0.00000)
(1.50000, -4.00000, 0.00000)
(1.50000, -3.50001, 0.00000)
(1.50000, -3.00000, 0.00000)
(1.50000, -2.50000, 0.00000)
(1.50000, -2.00000, 0.00000)
(1.50000, -1.50000, 0.00000)
(1.50000, -1.00000, 0.00000)
(1.50000, -0.50000, 0.00000)
(1.50000, 0.00000, 0.00000)
(1.50000, 0.50000, 0.00000)
(1.50000, 1.00000, 0.00000)
(1.50000, 1.50000, 0.00000)
(1.50000, 2.00000, 0.00000)
(1.50000, 2.49999, 0.00000)
(1.50000, 3.00000, 0.00000)
(1.50000, 3.50000, 0.00000)
(1.50000, 4.00000, 0.00000)
(1.50000, 4.12060, 0.00000)
(1.78183, -4.50000, 0.00000)
(1.78183, 4.50000, 0.00000)
(2.00000, -4.77379, 0.00000)
(2.00000, -4.50000, 0.00000)
(2.00000, -4.00000, 0.00000)
(2.00000, -3.50000, 0.00000)
(2.00000, -3.00000, 0.00000)
(2.00000, -2.50000, 0.00000)
(2.00000, -2.00000, 0.00000)
(2.00000, -1.50000, 0.00000)
(2.00000, -1.00000, 0.00000)
(2.00000, -0.50000, 0.00000)
(2.00000, 0.00000, 0.00000)
(2.00000, 0.50000, 0.00000)
(2.00000, 1.00000, 0.00000)
(2.00000, 1.50000, 0.00000)
(2.00000, 2.00000, 0.00000)
(2.00000, 2.49999, 0.00000)
(2.00000, 3.00000, 0.00000)
(2.00000, 3.50000, 0.00000)
(2.00000, 4.00000, 0.00000)
(2.00000, 4.50000, 0.00000)
(2.00000, 4.77379, 0.00000)
(2.18469, -5.00000, 0.00000)
(2.18469, 5.00000, 0.00000)
(2.50000, -5.37159, 0.00000)
(2.50000, -5.00000, 0.00000)
(2.50000, -4.49999, 0.00000)
(2.50000, -4.00000, 0.00000)
(2.50000, -3.50000, 0.00000)
(2.50000, -3.00000, 0.00000)
(2.50000, -2.50000, 0.00000)
(2.50000, -2.00000, 0.00000)
(2.50000, -1.50000, 0.00000)
(2.50000, -1.00000, 0.00000)
(2.50000, -0.50000, 0.00000)
(2.50000, 0.00000, 0.00000)
(2.50000, 0.50000, 0.00000)
(2.50000, 1.00000, 0.00000)
(2.49999, 2.00000, 0.00000)
(2.50000, 1.50000, 0.00000)
(2.50000, 2.49999, 0.00000)
(2.49999, 3.50000, 0.00000)
(2.50000, 3.00000, 0.00000)
(2.50000, 4.00000, 0.00000)
(2.50000, 4.50000, 0.00000)
(2.50000, 5.00000, 0.00000)
(2.50000, 5.37159, 0.00000)
(2.61209, -5.50000, 0.00000)
(2.61209, 5.50000, 0.00000)
(3.00000, -5.93699, 0.00000)
(3.00000, -5.50000, 0.00000)
(3.00000, -5.00000, 0.00000)
(3.00000, -4.50000, 0.00000)
(3.00000, -4.00000, 0.00000)
(3.00000, -3.50000, 0.00000)
(3.00000, -3.00000, 0.00000)
(3.00000, -2.50000, 0.00000)
(3.00000, -2.00000, 0.00000)
(3.00000, -1.50000, 0.00000)
(3.00000, -1.00000, 0.00000)
(3.00000, -0.50000, 0.00000)
(3.00000, 0.00000, 0.00000)
(3.00000, 0.50000, 0.00000)
(3.00000, 1.00000, 0.00000)
(3.00000, 1.50000, 0.00000)
(3.00000, 2.00000, 0.00000)
(3.00000, 2.49999, 0.00000)
(3.00000, 3.00000, 0.00000)
(3.00000, 3.50000, 0.00000)
(3.00000, 4.00000, 0.00000)
(3.00000, 4.50000, 0.00000)
(3.00000, 5.00000, 0.00000)
(3.00000, 5.50000, 0.00000)
(3.00000, 5.93699, 0.00000)
(3.05783, -6.00000, 0.00000)
(3.05783, 6.00000, 0.00000)
(3.50000, -6.48201, 0.00000)
(3.50000, -6.00000, 0.00000)
(3.50000, -5.50000, 0.00000)
(3.50000, -5.00000, 0.00000)
(3.50000, -4.50000, 0.00000)
(3.50000, -4.00000, 0.00000)
(3.50000, -3.50000, 0.00000)
(3.50000, -3.00000, 0.00000)
(3.50000, -2.49999, 0.00000)
(3.50000, -2.00000, 0.00000)
(3.50000, -1.50000, 0.00000)
(3.50000, -1.00000, 0.00000)
(3.50000, -0.50000, 0.00000)
(3.50000, 0.00000, 0.00000)
(3.50000, 0.50000, 0.00000)
(3.50000, 1.00000, 0.00000)
(3.50000, 1.50000, 0.00000)
(3.50001, 2.00000, 0.00000)
(3.50000, 3.00000, 0.00000)
(3.50001, 2.49999, 0.00000)
(3.50000, 4.00000, 0.00000)
(3.50001, 3.50000, 0.00000)
(3.50000, 4.50000, 0.00000)
(3.50000, 5.00000, 0.00000)
(3.50000, 5.50000, 0.00000)
(3.50000, 6.00000, 0.00000)
(3.50000, 6.48201, 0.00000)
(3.51718, -6.50000, 0.00000)
(3.51718, 6.50000, 0.00000)
(3.98605, -7.00000, 0.00000)
(3.98605, 7.00000, 0.00000)
(4.00000, -7.01543, 0.00000)
(4.00000, -7.00000, 0.00000)
(4.00000, -6.50000, 0.00000)
(4.00000, -6.00000, 0.00000)
(4.00000, -5.50001, 0.00000)
(4.00000, -5.00000, 0.00000)
(4.00000, -4.49999, 0.00000)
(4.00000, -4.00000, 0.00000)
(4.00000, -3.50000, 0.00000)
(4.00000, -3.00000, 0.00000)
(4.00000, -2.50000, 0.00000)
(4.00000, -2.00000, 0.00000)
(4.00000, -1.50000, 0.00000)
(4.00000, -1.00000, 0.00000)
(4.00000, -0.50000, 0.00000)
(4.00000, 0.00000, 0.00000)
(4.00000, 0.50000, 0.00000)
(4.00000, 1.00000, 0.00000)
(4.00000, 1.50000, 0.00000)
(4.00000, 2.00000, 0.00000)
(4.00000, 2.49999, 0.00000)
(4.00000, 3.00000, 0.00000)
(4.00000, 3.50000, 0.00000)
(4.00000, 4.00000, 0.00000)
(4.00000, 4.50000, 0.00000)
(4.00000, 5.00000, 0.00000)
(4.00000, 5.50000, 0.00000)
(4.00000, 6.00000, 0.00000)
(4.00000, 6.50000, 0.00000)
(4.00000, 7.00000, 0.00000)
(4.00000, 7.01543, 0.00000)
(4.46103, -7.50000, 0.00000)
(4.46102, 7.50000, 0.00000)
(4.50001, -7.50000, 0.00000)
(4.50001, -7.00000, 0.00000)
(4.50001, -6.50000, 0.00000)
(4.50001, -6.00000, 0.00000)
(4.50001, -5.50001, 0.00000)
(4.50001, -5.00000, 0.00000)
(4.50001, -4.50001, 0.00000)
(4.50001, -4.00000, 0.00000)
(4.50001, -3.50001, 0.00000)
(4.50001, -3.00000, 0.00000)
(4.50001, -2.50000, 0.00000)
(4.50001, -2.00000, 0.00000)
(4.50001, -1.50000, 0.00000)
(4.50001, -1.00000, 0.00000)
(4.50001, -0.50000, 0.00000)
(4.50000, 0.50000, 0.00000)
(4.50001, 0.00000, 0.00000)
(4.50000, 1.00000, 0.00000)
(4.50000, 1.50000, 0.00000)
(4.50000, 2.00000, 0.00000)
(4.50000, 2.49999, 0.00000)
(4.50000, 3.00000, 0.00000)
(4.50000, 3.50000, 0.00000)
(4.50000, 4.50000, 0.00000)
(4.50001, 4.00000, 0.00000)
(4.50000, 5.00000, 0.00000)
(4.50000, 5.50000, 0.00000)
(4.50000, 6.00000, 0.00000)
(4.50000, 7.00000, 0.00000)
(4.50001, 6.50000, 0.00000)
(4.50000, 7.50000, 0.00000)
(5.00000, -7.97513, 0.00000)
(5.00000, -7.50000, 0.00000)
(5.00000, -7.00000, 0.00000)
(5.00000, -6.50000, 0.00000)
(5.00000, -6.00000, 0.00000)
(5.00000, -5.50000, 0.00000)
(5.00000, -5.00000, 0.00000)
(5.00000, -4.50000, 0.00000)
(5.00000, -4.00000, 0.00000)
(5.00000, -3.49999, 0.00000)
(5.00000, -3.00000, 0.00000)
(5.00000, -2.50000, 0.00000)
(5.00000, -2.00000, 0.00000)
(5.00000, -1.50000, 0.00000)
(5.00000, -1.00000, 0.00000)
(5.00000, -0.50000, 0.00000)
(5.00000, 0.00000, 0.00000)
(5.00000, 0.50000, 0.00000)
(5.00000, 1.00000, 0.00000)
(5.00000, 1.50000, 0.00000)
(5.00000, 2.00000, 0.00000)
(5.00000, 2.49999, 0.00000)
(5.00000, 3.00000, 0.00000)
(5.00000, 3.50000, 0.00000)
(5.00000, 4.00000, 0.00000)
(5.00000, 4.50000, 0.00000)
(5.00000, 5.00000, 0.00000)
(5.00000, 5.50000, 0.00000)
(5.00000, 6.00000, 0.00000)
(5.00000, 6.50000, 0.00000)
(5.00000, 7.00000, 0.00000)
(5.00000, 7.50000, 0.00000)
(5.00000, 7.97513, 0.00000)
(5.02810, -8.00000, 0.00000)
(5.02810, 8.00000, 0.00000)
(5.50000, -8.00000, 0.00000)
(5.50000, -7.50000, 0.00000)
(5.50000, -7.00000, 0.00000)
(5.50000, -6.50000, 0.00000)
(5.50000, -6.00000, 0.00000)
(5.50000, -5.50000, 0.00000)
(5.50000, -5.00000, 0.00000)
(5.50000, -4.50000, 0.00000)
(5.50000, -4.00000, 0.00000)
(5.50000, -3.50000, 0.00000)
(5.50000, -3.00000, 0.00000)
(5.50000, -2.50000, 0.00000)
(5.50000, -2.00000, 0.00000)
(5.50000, -1.50000, 0.00000)
(5.50000, -1.00000, 0.00000)
(5.50000, -0.50000, 0.00000)
(5.50000, 0.00000, 0.00000)
(5.50000, 0.50000, 0.00000)
(5.50000, 1.00000, 0.00000)
(5.49999, 2.00000, 0.00000)
(5.50000, 1.50000, 0.00000)
(5.50000, 3.00000, 0.00000)
(5.50001, 2.49999, 0.00000)
(5.50000, 3.50000, 0.00000)
(5.50000, 4.00000, 0.00000)
(5.50000, 4.50000, 0.00000)
(5.50000, 5.00000, 0.00000)
(5.50000, 5.50000, 0.00000)
(5.50000, 6.00000, 0.00000)
(5.50000, 6.50000, 0.00000)
(5.50000, 7.00000, 0.00000)
(5.50000, 7.50000, 0.00000)
(5.50000, 8.00000, 0.00000)
(6.00000, -8.50000, 0.00000)
(6.00000, -8.00000, 0.00000)
(6.00000, -7.50000, 0.00000)
(6.00000, -7.00000, 0.00000)
(6.00000, -6.50000, 0.00000)
(6.00000, -6.00000, 0.00000)
(6.00000, -5.50001, 0.00000)
(6.00000, -5.00000, 0.00000)
(6.00000, -4.50000, 0.00000)
(6.00000, -4.00000, 0.00000)
(6.00000, -3.49999, 0.00000)
(6.00000, -3.00000, 0.00000)
(6.00000, -2.50000, 0.00000)
(6.00000, -2.00000, 0.00000)
(6.00000, -1.50000, 0.00000)
(6.00000, -1.00000, 0.00000)
(6.00000, -0.50001, 0.00000)
(6.00000, 0.00000, 0.00000)
(6.00000, 0.50000, 0.00000)
(6.00000, 1.00000, 0.00000)
(6.00000, 1.50000, 0.00000)
(6.00000, 2.00000, 0.00000)
(6.00000, 2.49999, 0.00000)
(6.00000, 3.00000, 0.00000)
(6.00000, 3.50000, 0.00000)
(6.00000, 4.00000, 0.00000)
(6.00000, 4.50000, 0.00000)
(6.00000, 5.00000, 0.00000)
(6.00000, 5.50000, 0.00000)
(6.00000, 6.00000, 0.00000)
(6.00000, 6.50000, 0.00000)
(6.00000, 7.00000, 0.00000)
(6.00000, 7.50000, 0.00000)
(6.00000, 8.00000, 0.00000)
(6.00000, 8.49999, 0.00000)
(6.50000, -8.86667, 0.00000)
(6.50000, -8.50000, 0.00000)
(6.50000, -8.00000, 0.00000)
(6.50000, -7.49999, 0.00000)
(6.50000, -7.00000, 0.00000)
(6.50000, -6.50000, 0.00000)
(6.50000, -6.00000, 0.00000)
(6.50000, -5.50000, 0.00000)
(6.50000, -5.00000, 0.00000)
(6.50000, -4.50000, 0.00000)
(6.50000, -4.00000, 0.00000)
(6.50000, -3.50000, 0.00000)
(6.50000, -3.00000, 0.00000)
(6.50000, -2.50000, 0.00000)
(6.50000, -2.00000, 0.00000)
(6.50000, -1.50000, 0.00000)
(6.50000, -1.00000, 0.00000)
(6.50000, -0.50000, 0.00000)
(6.50000, 0.00000, 0.00000)
(6.50000, 0.50000, 0.00000)
(6.50000, 1.00000, 0.00000)
(6.50000, 1.50000, 0.00000)
(6.50000, 2.00000, 0.00000)
(6.49999, 3.00000, 0.00000)
(6.50000, 2.49999, 0.00000)
(6.50000, 3.50000, 0.00000)
(6.50000, 4.00000, 0.00000)
(6.50000, 4.50000, 0.00000)
(6.50000, 5.00000, 0.00000)
(6.50000, 5.50000, 0.00000)
(6.50000, 6.00000, 0.00000)
(6.50000, 7.00000, 0.00000)
(6.50001, 6.50000, 0.00000)
(6.50000, 7.50000, 0.00000)
(6.50000, 8.00000, 0.00000)
(6.50000, 8.49999, 0.00000)
(6.50000, 8.86666, 0.00000)
(6.74055, -9.00000, 0.00000)
(6.74055, 9.00000, 0.00000)
(7.00000, -9.00000, 0.00000)
(7.00000, -8.49999, 0.00000)
(7.00000, -8.00000, 0.00000)
(7.00000, -7.50000, 0.00000)
(7.00000, -7.00000, 0.00000)
(7.00000, -6.50000, 0.00000)
(7.00000, -6.00000, 0.00000)
(7.00000, -5.50000, 0.00000)
(7.00000, -5.00000, 0.00000)
(7.00000, -4.50000, 0.00000)
(7.00000, -4.00000, 0.00000)
(7.00000, -3.50000, 0.00000)
(7.00000, -3.00000, 0.00000)
(7.00000, -2.50000, 0.00000)
(7.00000, -2.00000, 0.00000)
(7.00000, -1.50000, 0.00000)
(7.00000, -1.00000, 0.00000)
(7.00000, -0.50000, 0.00000)
(7.00000, 0.00000, 0.00000)
(7.00000, 0.50000, 0.00000)
(7.00000, 1.00000, 0.00000)
(7.00000, 1.50000, 0.00000)
(7.00000, 2.00000, 0.00000)
(7.00000, 2.49999, 0.00000)
(7.00000, 3.00000, 0.00000)
(7.00000, 3.50000, 0.00000)
(7.00000, 4.00000, 0.00000)
(7.00000, 4.50000, 0.00000)
(7.00000, 5.00000, 0.00000)
(7.00000, 5.50000, 0.00000)
(7.00000, 6.00000, 0.00000)
(7.00000, 6.50000, 0.00000)
(7.00000, 7.00000, 0.00000)
(7.00000, 7.50000, 0.00000)
(7.00000, 8.00000, 0.00000)
(7.00000, 8.49999, 0.00000)
(7.00000, 9.00000, 0.00000)
(7.50000, -9.38804, 0.00000)
(7.50000, -9.00000, 0.00000)
(7.50000, -8.50000, 0.00000)
(7.50000, -8.00000, 0.00000)
(7.50000, -7.50000, 0.00000)
(7.50000, -7.00000, 0.00000)
(7.50000, -6.49999, 0.00000)
(7.50000, -6.00000, 0.00000)
(7.50000, -5.50000, 0.00000)
(7.50000, -5.00000, 0.00000)
(7.50000, -4.50000, 0.00000)
(7.50000, -4.00000, 0.00000)
(7.50000, -3.50000, 0.00000)
(7.50000, -3.00000, 0.00000)
(7.50000, -2.50000, 0.00000)
(7.50000, -2.00000, 0.00000)
(7.50000, -1.50000, 0.00000)
(7.50000, -1.00000, 0.00000)
(7.50000, -0.50000, 0.00000)
(7.50000, 0.00000, 0.00000)
(7.49999, 1.50000, 0.00000)
(7.50000, 1.00000, 0.00000)
(7.50001, 0.50000, 0.00000)
(7.50000, 2.00000, 0.00000)
(7.50000, 2.49999, 0.00000)
(7.49999, 3.50000, 0.00000)
(7.50000, 3.00000, 0.00000)
(7.50000, 4.00000, 0.00000)
(7.50000, 4.50000, 0.00000)
(7.50000, 5.00000, 0.00000)
(7.50000, 5.50000, 0.00000)
(7.50000, 6.00000, 0.00000)
(7.49999, 7.00000, 0.00000)
(7.50000, 6.50000, 0.00000)
(7.49999, 8.49999, 0.00000)
(7.50000, 7.50000, 0.00000)
(7.50000, 8.00000, 0.00000)
(7.50000, 9.00000, 0.00000)
(7.50000, 9.38804, 0.00000)
(7.75110, -9.50000, 0.00000)
(7.75110, 9.50000, 0.00000)
(8.00000, -9.50000, 0.00000)
(8.00000, -9.00000, 0.00000)
(8.00000, -8.50000, 0.00000)
(8.00000, -8.00000, 0.00000)
(8.00000, -7.50000, 0.00000)
(8.00000, -7.00000, 0.00000)
(8.00000, -6.50000, 0.00000)
(8.00000, -6.00000, 0.00000)
(8.00000, -5.50000, 0.00000)
(8.00000, -5.00000, 0.00000)
(8.00000, -4.50000, 0.00000)
(8.00000, -4.00000, 0.00000)
(8.00000, -3.50000, 0.00000)
(8.00000, -3.00000, 0.00000)
(8.00000, -2.50000, 0.00000)
(8.00000, -2.00000, 0.00000)
(8.00000, -1.50000, 0.00000)
(8.00000, -1.00000, 0.00000)
(8.00000, -0.50000, 0.00000)
(8.00000, 0.00000, 0.00000)
(8.00000, 0.50000, 0.00000)
(8.00000, 1.00000, 0.00000)
(8.00000, 1.50000, 0.00000)
(8.00000, 2.00000, 0.00000)
(8.00000, 2.49999, 0.00000)
(8.00000, 3.00000, 0.00000)
(8.00000, 3.50000, 0.00000)
(8.00000, 4.00000, 0.00000)
(8.00000, 4.50000, 0.00000)
(8.00000, 5.00000, 0.00000)
(8.00000, 5.50000, 0.00000)
(8.00000, 6.00000, 0.00000)
(8.00000, 6.50000, 0.00000)
(8.00000, 7.00000, 0.00000)
(8.00000, 7.50000, 0.00000)
(8.00000, 8.00000, 0.00000)
(8.00000, 8.49999, 0.00000)
(8.00000, 9.00000, 0.00000)
(8.00000, 9.50000, 0.00000)
(8.50000, -9.80174, 0.00000)
(8.50000, -9.50000, 0.00000)
(8.50000, -9.00000, 0.00000)
(8.50000, -8.50000, 0.00000)
(8.50000, -8.00000, 0.00000)
(8.50000, -7.50000, 0.00000)
(8.50000, -7.00000, 0.00000)
(8.50000, -6.50000, 0.00000)
(8.50000, -6.00000, 0.00000)
(8.50000, -5.50000, 0.00000)
(8.50000, -5.00000, 0.00000)
(8.50000, -4.50000, 0.00000)
(8.50000, -4.00000, 0.00000)
(8.50000, -3.50000, 0.00000)
(8.50000, -3.00000, 0.00000)
(8.50000, -2.50000, 0.00000)
(8.50000, -2.00000, 0.00000)
(8.50000, -1.50001, 0.00000)
(8.50000, -1.00000, 0.00000)
(8.50000, -0.50000, 0.00000)
(8.50000, 0.00000, 0.00000)
(8.50000, 0.50000, 0.00000)
(8.50000, 1.00000, 0.00000)
(8.50000, 1.50000, 0.00000)
(8.50000, 2.00000, 0.00000)
(8.50000, 3.00000, 0.00000)
(8.50001, 2.49999, 0.00000)
(8.50000, 3.50000, 0.00000)
(8.50000, 4.00000, 0.00000)
(8.50000, 5.00000, 0.00000)
(8.50001, 4.50000, 0.00000)
(8.50000, 5.50000, 0.00000)
(8.50000, 6.00000, 0.00000)
(8.50000, 6.50000, 0.00000)
(8.49999, 8.00000, 0.00000)
(8.50001, 7.00000, 0.00000)
(8.50000, 8.49999, 0.00000)
(8.50001, 7.50000, 0.00000)
(8.50000, 9.00000, 0.00000)
(8.50000, 9.50000, 0.00000)
(8.50000, 9.80174, 0.00000)
(9.00000, -9.96136, 0.00000)
(9.00000, -9.50000, 0.00000)
(9.00000, -9.00000, 0.00000)
(9.00000, -8.50000, 0.00000)
(9.00000, -8.00000, 0.00000)
(9.00000, -7.50000, 0.00000)
(9.00000, -7.00000, 0.00000)
(9.00000, -6.50000, 0.00000)
(9.00000, -6.00000, 0.00000)
(9.00000, -5.50001, 0.00000)
(9.00000, -5.00000, 0.00000)
(9.00000, -4.50000, 0.00000)
(9.00000, -4.00000, 0.00000)
(9.00000, -3.49999, 0.00000)
(9.00000, -3.00000, 0.00000)
(9.00000, -2.50000, 0.00000)
(9.00000, -2.00000, 0.00000)
(9.00000, -1.50000, 0.00000)
(9.00000, -1.00000, 0.00000)
(9.00000, -0.50000, 0.00000)
(9.00000, 0.00000, 0.00000)
(9.00000, 0.50000, 0.00000)
(9.00000, 1.00000, 0.00000)
(9.00000, 1.50000, 0.00000)
(9.00000, 2.00000, 0.00000)
(9.00000, 2.49999, 0.00000)
(9.00000, 3.00000, 0.00000)
(9.00000, 3.50000, 0.00000)
(9.00000, 4.00000, 0.00000)
(9.00000, 4.50000, 0.00000)
(9.00000, 5.00000, 0.00000)
(9.00000, 5.50000, 0.00000)
(9.00000, 6.00000, 0.00000)
(9.00000, 6.50000, 0.00000)
(9.00000, 7.00000, 0.00000)
(9.00000, 7.50000, 0.00000)
(9.00000, 8.00000, 0.00000)
(9.00000, 8.49999, 0.00000)
(9.00000, 9.00000, 0.00000)
(9.00000, 9.50000, 0.00000)
(9.00000, 9.96136, 0.00000)
(9.15904, -10.00000, 0.00000)
(9.15905, 10.00000, 0.00000)
(9.49999, -10.08223, 0.00000)
(9.49999, -10.00000, 0.00000)
(9.49999, -9.50000, 0.00000)
(9.49999, -9.00000, 0.00000)
(9.49999, -8.50000, 0.00000)
(9.49999, -8.00000, 0.00000)
(9.49999, -7.50000, 0.00000)
(9.49999, -7.00000, 0.00000)
(9.49999, -6.50000, 0.00000)
(9.49999, -6.00000, 0.00000)
(9.49999, -5.50000, 0.00000)
(9.49999, -5.00000, 0.00000)
(9.49999, -4.50000, 0.00000)
(9.49999, -4.00000, 0.00000)
(9.49999, -3.50000, 0.00000)
(9.49999, -3.00000, 0.00000)
(9.49999, -2.49999, 0.00000)
(9.49999, -2.00000, 0.00000)
(9.49999, -1.50000, 0.00000)
(9.49999, -1.00000, 0.00000)
(9.49999, -0.50000, 0.00000)
(9.49999, 0.00000, 0.00000)
(9.50000, 1.00000, 0.00000)
(9.50001, 0.50000, 0.00000)
(9.50000, 2.00000, 0.00000)
(9.50000, 2.49999, 0.00000)
(9.50001, 1.50000, 0.00000)
(9.50000, 3.00000, 0.00000)
(9.50000, 3.50000, 0.00000)
(9.50000, 4.00000, 0.00000)
(9.50000, 4.50000, 0.00000)
(9.50000, 5.00000, 0.00000)
(9.50000, 5.50000, 0.00000)
(9.50000, 6.00000, 0.00000)
(9.50000, 6.50000, 0.00000)
(9.49999, 8.49999, 0.00000)
(9.50000, 7.50000, 0.00000)
(9.50001, 7.00000, 0.00000)
(9.50000, 8.00000, 0.00000)
(9.49999, 9.00000, 0.00000)
(9.50000, 9.50000, 0.00000)
(9.50000, 10.00000, 0.00000)
(9.50000, 10.08223, 0.00000)
(10.00000, -10.16603, 0.00000)
(10.00000, -10.00000, 0.00000)
(10.00000, -9.50000, 0.00000)
(10.00000, -9.00000, 0.00000)
(10.00000, -8.50000, 0.00000)
(10.00000, -8.00000, 0.00000)
(10.00000, -7.50000, 0.00000)
(10.00000, -7.00000, 0.00000)
(10.00000, -6.50001, 0.00000)
(10.00000, -6.00000, 0.00000)
(10.00000, -5.50000, 0.00000)
(10.00000, -5.00000, 0.00000)
(10.00000, -4.49999, 0.00000)
(10.00000, -4.00000, 0.00000)
(10.00000, -3.50000, 0.00000)
(10.00000, -3.00000, 0.00000)
(10.00000, -2.50000, 0.00000)
(10.00000, -2.00000, 0.00000)
(10.00000, -1.49999, 0.00000)
(10.00000, -1.00000, 0.00000)
(10.00000, -0.50000, 0.00000)
(10.00000, 0.00000, 0.00000)
(10.00000, 0.50000, 0.00000)
(10.00000, 1.00000, 0.00000)
(10.00000, 1.50000, 0.00000)
(10.00000, 2.00000, 0.00000)
(10.00000, 2.49999, 0.00000)
(10.00000, 3.00000, 0.00000)
(10.00000, 3.50000, 0.00000)
(10.00000, 4.00000, 0.00000)
(10.00000, 4.50000, 0.00000)
(10.00000, 5.00000, 0.00000)
(10.00000, 5.50000, 0.00000)
(10.00000, 6.00000, 0.00000)
(10.00000, 6.50000, 0.00000)
(10.00000, 7.00000, 0.00000)
(10.00000, 7.50000, 0.00000)
(10.00000, 8.00000, 0.00000)
(10.00000, 8.49999, 0.00000)
(10.00000, 9.00000, 0.00000)
(10.00000, 9.50000, 0.00000)
(10.00000, 10.00000, 0.00000)
(10.00000, 10.16603, 0.00000)
(10.50000, -10.21688, 0.00000)
(10.50000, -10.00000, 0.00000)
(10.50000, -9.50000, 0.00000)
(10.50000, -9.00000, 0.00000)
(10.50000, -8.50000, 0.00000)
(10.50000, -8.00000, 0.00000)
(10.50000, -7.50000, 0.00000)
(10.50000, -7.00000, 0.00000)
(10.50000, -6.49999, 0.00000)
(10.50000, -6.00000, 0.00000)
(10.50000, -5.50000, 0.00000)
(10.50000, -5.00000, 0.00000)
(10.50000, -4.50000, 0.00000)
(10.50000, -4.00000, 0.00000)
(10.50000, -3.50000, 0.00000)
(10.50000, -3.00000, 0.00000)
(10.50000, -2.50000, 0.00000)
(10.50000, -2.00000, 0.00000)
(10.50000, -1.50000, 0.00000)
(10.50000, -1.00000, 0.00000)
(10.50000, -0.50000, 0.00000)
(10.50000, 0.00000, 0.00000)
(10.50000, 0.50000, 0.00000)
(10.50000, 1.00000, 0.00000)
(10.50000, 1.50000, 0.00000)
(10.50000, 2.00000, 0.00000)
(10.50000, 2.49999, 0.00000)
(10.50000, 3.00000, 0.00000)
(10.50000, 4.00000, 0.00000)
(10.50001, 3.50000, 0.00000)
(10.50000, 5.00000, 0.00000)
(10.50001, 4.50000, 0.00000)
(10.50000, 5.50000, 0.00000)
(10.50000, 6.00000, 0.00000)
(10.50001, 6.50000, 0.00000)
(10.50000, 7.50000, 0.00000)
(10.50001, 7.00000, 0.00000)
(10.50000, 8.00000, 0.00000)
(10.50000, 8.49999, 0.00000)
(10.50000, 9.00000, 0.00000)
(10.50000, 9.50000, 0.00000)
(10.50000, 10.00000, 0.00000)
(10.50000, 10.21688, 0.00000)
(11.00000, -10.23949, 0.00000)
(11.00000, -10.00000, 0.00000)
(11.00000, -9.50000, 0.00000)
(11.00000, -9.00000, 0.00000)
(11.00000, -8.50000, 0.00000)
(11.00000, -8.00000, 0.00000)
(11.00000, -7.50000, 0.00000)
(11.00000, -7.00000, 0.00000)
(11.00000, -6.50000, 0.00000)
(11.00000, -6.00000, 0.00000)
(11.00000, -5.50000, 0.00000)
(11.00000, -5.00000, 0.00000)
(11.00000, -4.50000, 0.00000)
(11.00000, -4.00000, 0.00000)
(11.00000, -3.50000, 0.00000)
(11.00000, -3.00000, 0.00000)
(11.00000, -2.50000, 0.00000)
(11.00000, -2.00000, 0.00000)
(11.00000, -1.50000, 0.00000)
(11.00000, -1.00000, 0.00000)
(11.00000, -0.50000, 0.00000)
(11.00000, 0.00000, 0.00000)
(11.00000, 0.50000, 0.00000)
(11.00000, 1.00000, 0.00000)
(11.00000, 1.50000, 0.00000)
(11.00000, 2.00000, 0.00000)
(11.00000, 2.49999, 0.00000)
(11.00000, 3.00000, 0.00000)
(11.00000, 3.50000, 0.00000)
(11.00000, 4.00000, 0.00000)
(11.00000, 4.50000, 0.00000)
(11.00000, 5.00000, 0.00000)
(11.00000, 5.50000, 0.00000)
(11.00000, 6.00000, 0.00000)
(11.00000, 6.50000, 0.00000)
(11.00000, 7.00000, 0.00000)
(11.00000, 7.50000, 0.00000)
(11.00000, 8.00000, 0.00000)
(11.00000, 8.49999, 0.00000)
(11.00000, 9.00000, 0.00000)
(11.00000, 9.50000, 0.00000)
(11.00000, 10.00000, 0.00000)
(11.00000, 10.23949, 0.00000)
(11.50000, -10.23887, 0.00000)
(11.50000, -10.00000, 0.00000)
(11.50000, -9.49999, 0.00000)
(11.50000, -9.00000, 0.00000)
(11.50000, -8.50000, 0.00000)
(11.50000, -8.00000, 0.00000)
(11.50000, -7.50000, 0.00000)
(11.50000, -7.00000, 0.00000)
(11.50000, -6.50000, 0.00000)
(11.50000, -6.00000, 0.00000)
(11.50000, -5.50000, 0.00000)
(11.50000, -5.00000, 0.00000)
(11.50000, -4.50000, 0.00000)
(11.50000, -4.00000, 0.00000)
(11.50000, -3.50000, 0.00000)
(11.50000, -3.00000, 0.00000)
(11.50000, -2.50000, 0.00000)
(11.50000, -2.00000, 0.00000)
(11.50000, -1.50000, 0.00000)
(11.50000, -1.00000, 0.00000)
(11.50000, -0.50000, 0.00000)
(11.50000, 0.00000, 0.00000)
(11.50000, 0.50000, 0.00000)
(11.50000, 1.50000, 0.00000)
(11.50001, 1.00000, 0.00000)
(11.49999, 3.50000, 0.00000)
(11.50001, 2.00000, 0.00000)
(11.50000, 3.00000, 0.00000)
(11.49999, 4.00000, 0.00000)
(11.50001, 2.49999, 0.00000)
(11.50000, 4.50000, 0.00000)
(11.50000, 5.00000, 0.00000)
(11.50000, 5.50000, 0.00000)
(11.50000, 6.00000, 0.00000)
(11.50000, 6.50000, 0.00000)
(11.50000, 7.00000, 0.00000)
(11.50000, 7.50000, 0.00000)
(11.50000, 8.00000, 0.00000)
(11.50000, 8.49999, 0.00000)
(11.50000, 9.00000, 0.00000)
(11.50000, 9.50000, 0.00000)
(11.50000, 10.00000, 0.00000)
(11.50000, 10.23887, 0.00000)
(12.00000, -10.21998, 0.00000)
(12.00000, -10.00000, 0.00000)
(12.00000, -9.50000, 0.00000)
(12.00000, -9.00000, 0.00000)
(12.00000, -8.50000, 0.00000)
(12.00000, -8.00000, 0.00000)
(12.00000, -7.50000, 0.00000)
(12.00000, -7.00000, 0.00000)
(12.00000, -6.50000, 0.00000)
(12.00000, -6.00000, 0.00000)
(12.00000, -5.50000, 0.00000)
(12.00000, -5.00000, 0.00000)
(12.00000, -4.50000, 0.00000)
(12.00000, -4.00000, 0.00000)
(12.00000, -3.50000, 0.00000)
(12.00000, -3.00000, 0.00000)
(12.00000, -2.50000, 0.00000)
(12.00000, -2.00000, 0.00000)
(12.00000, -1.50000, 0.00000)
(12.00000, -1.00000, 0.00000)
(12.00000, -0.50000, 0.00000)
(12.00000, 0.00000, 0.00000)
(12.00000, 0.50000, 0.00000)
(12.00000, 1.00000, 0.00000)
(12.00000, 1.50000, 0.00000)
(12.00000, 2.00000, 0.00000)
(12.00000, 2.49999, 0.00000)
(12.00000, 3.00000, 0.00000)
(12.00000, 3.50000, 0.00000)
(12.00000, 4.00000, 0.00000)
(12.00000, 4.50000, 0.00000)
(12.00000, 5.00000, 0.00000)
(12.00000, 5.50000, 0.00000)
(12.00000, 6.00000, 0.00000)
(12.00000, 6.50000, 0.00000)
(12.00000, 7.00000, 0.00000)
(12.00000, 7.50000, 0.00000)
(12.00000, 8.00000, 0.00000)
(12.00000, 8.49999, 0.00000)
(12.00000, 9.00000, 0.00000)
(12.00000, 9.50000, 0.00000)
(12.00000, 10.00000, 0.00000)
(12.00000, 10.21998, 0.00000)
(12.50000, -10.18757, 0.00000)
(12.50000, -10.00000, 0.00000)
(12.50000, -9.50000, 0.00000)
(12.50000, -9.00000, 0.00000)
(12.50000, -8.50000, 0.00000)
(12.50000, -8.00000, 0.00000)
(12.50000, -7.50000, 0.00000)
(12.50000, -7.00000, 0.00000)
(12.50000, -6.50000, 0.00000)
(12.50000, -6.00000, 0.00000)
(12.50000, -5.50000, 0.00000)
(12.50000, -5.00000, 0.00000)
(12.50000, -4.49999, 0.00000)
(12.50000, -4.00000, 0.00000)
(12.50000, -3.50000, 0.00000)
(12.50000, -3.00000, 0.00000)
(12.50000, -2.50000, 0.00000)
(12.50000, -2.00000, 0.00000)
(12.50000, -1.50000, 0.00000)
(12.50000, -1.00000, 0.00000)
(12.50000, -0.50000, 0.00000)
(12.49999, 0.50000, 0.00000)
(12.50000, 0.00000, 0.00000)
(12.49999, 1.50000, 0.00000)
(12.50000, 1.00000, 0.00000)
(12.50000, 2.00000, 0.00000)
(12.49999, 3.00000, 0.00000)
(12.50000, 2.49999, 0.00000)
(12.50000, 3.50000, 0.00000)
(12.50000, 4.00000, 0.00000)
(12.50000, 4.50000, 0.00000)
(12.49999, 5.50000, 0.00000)
(12.50000, 5.00000, 0.00000)
(12.50000, 6.00000, 0.00000)
(12.49999, 7.00000, 0.00000)
(12.50000, 6.50000, 0.00000)
(12.50000, 8.00000, 0.00000)
(12.50000, 8.49999, 0.00000)
(12.50001, 7.50000, 0.00000)
(12.50000, 9.00000, 0.00000)
(12.50000, 9.50000, 0.00000)
(12.50000, 10.00000, 0.00000)
(12.50000, 10.18757, 0.00000)
(13.00000, -10.14549, 0.00000)
(13.00000, -10.00000, 0.00000)
(13.00000, -9.50000, 0.00000)
(13.00000, -9.00000, 0.00000)
(13.00000, -8.49999, 0.00000)
(13.00000, -8.00000, 0.00000)
(13.00000, -7.50000, 0.00000)
(13.00000, -7.00000, 0.00000)
(13.00000, -6.50001, 0.00000)
(13.00000, -6.00000, 0.00000)
(13.00000, -5.50000, 0.00000)
(13.00000, -5.00000, 0.00000)
(13.00000, -4.50000, 0.00000)
(13.00000, -4.00000, 0.00000)
(13.00000, -3.50000, 0.00000)
(13.00000, -3.00000, 0.00000)
(13.00000, -2.50000, 0.00000)
(13.00000, -2.00000, 0.00000)
(13.00000, -1.50000, 0.00000)
(13.00000, -1.00000, 0.00000)
(13.00000, -0.50000, 0.00000)
(13.00000, 0.00000, 0.00000)
(13.00000, 0.50000, 0.00000)
(13.00000, 1.00000, 0.00000)
(13.00000, 1.50000, 0.00000)
(13.00000, 2.00000, 0.00000)
(13.00000, 2.49999, 0.00000)
(13.00000, 3.00000, 0.00000)
(13.00000, 3.50000, 0.00000)
(13.00000, 4.00000, 0.00000)
(13.00000, 4.50000, 0.00000)
(13.00000, 5.00000, 0.00000)
(13.00000, 5.50000, 0.00000)
(13.00000, 6.00000, 0.00000)
(13.00000, 6.50000, 0.00000)
(13.00000, 7.00000, 0.00000)
(13.00000, 7.50000, 0.00000)
(13.00000, 8.00000, 0.00000)
(13.00000, 8.49999, 0.00000)
(13.00000, 9.00000, 0.00000)
(13.00000, 9.50000, 0.00000)
(13.00000, 10.00000, 0.00000)
(13.00000, 10.14549, 0.00000)
(13.50001, -10.09722, 0.00000)
(13.50001, -10.00000, 0.00000)
(13.50001, -9.50000, 0.00000)
(13.50001, -9.00000, 0.00000)
(13.50001, -8.50000, 0.00000)
(13.50001, -8.00000, 0.00000)
(13.50001, -7.50000, 0.00000)
(13.50001, -7.00000, 0.00000)
(13.50001, -6.50000, 0.00000)
(13.50001, -6.00000, 0.00000)
(13.50001, -5.49999, 0.00000)
(13.50001, -5.00000, 0.00000)
(13.50001, -4.50001, 0.00000)
(13.50001, -4.00000, 0.00000)
(13.50001, -3.50001, 0.00000)
(13.50001, -3.00000, 0.00000)
(13.50001, -2.49999, 0.00000)
(13.50001, -2.00000, 0.00000)
(13.50001, -1.50000, 0.00000)
(13.50001, -1.00000, 0.00000)
(13.49999, 1.00000, 0.00000)
(13.50001, -0.50000, 0.00000)
(13.50001, 0.00000, 0.00000)
(13.50001, 0.50000, 0.00000)
(13.50000, 1.50000, 0.00000)
(13.50000, 2.49999, 0.00000)
(13.50001, 2.00000, 0.00000)
(13.50000, 3.00000, 0.00000)
(13.50000, 3.50000, 0.00000)
(13.50000, 4.00000, 0.00000)
(13.50000, 4.50000, 0.00000)
(13.50000, 5.00000, 0.00000)
(13.50000, 5.50000, 0.00000)
(13.49999, 6.50000, 0.00000)
(13.49999, 7.00000, 0.00000)
(13.50001, 6.00000, 0.00000)
(13.50000, 7.50000, 0.00000)
(13.50000, 8.00000, 0.00000)
(13.50000, 8.49999, 0.00000)
(13.50000, 9.00000, 0.00000)
(13.50000, 9.50000, 0.00000)
(13.50000, 10.00000, 0.00000)
(13.50000, 10.09722, 0.00000)
(14.00000, -10.00000, 0.00000)
(14.00000, -9.50000, 0.00000)
(14.00000, -9.00000, 0.00000)
(14.00000, -8.50000, 0.00000)
(14.00000, -8.00000, 0.00000)
(14.00000, -7.50000, 0.00000)
(14.00000, -7.00000, 0.00000)
(14.00000, -6.50000, 0.00000)
(14.00000, -6.00000, 0.00000)
(14.00000, -5.50000, 0.00000)
(14.00000, -5.00000, 0.00000)
(14.00000, -4.50000, 0.00000)
(14.00000, -4.00000, 0.00000)
(14.00000, -3.50000, 0.00000)
(14.00000, -3.00000, 0.00000)
(14.00000, -2.50000, 0.00000)
(14.00000, -2.00000, 0.00000)
(14.00000, -1.50000, 0.00000)
(14.00000, -1.00000, 0.00000)
(14.00000, -0.50000, 0.00000)
(14.00000, 0.00000, 0.00000)
(14.00000, 0.50000, 0.00000)
(14.00000, 1.00000, 0.00000)
(14.00000, 1.50000, 0.00000)
(14.00000, 2.00000, 0.00000)
(14.00000, 2.49999, 0.00000)
(14.00000, 3.00000, 0.00000)
(14.00000, 3.50000, 0.00000)
(14.00000, 4.00000, 0.00000)
(14.00000, 4.50000, 0.00000)
(14.00000, 5.00000, 0.00000)
(14.00000, 5.50000, 0.00000)
(14.00000, 6.00000, 0.00000)
(14.00000, 6.50000, 0.00000)
(14.00000, 7.00000, 0.00000)
(14.00000, 7.50000, 0.00000)
(14.00000, 8.00000, 0.00000)
(14.00000, 8.49999, 0.00000)
(14.00000, 9.00000, 0.00000)
(14.00000, 9.50000, 0.00000)
(14.00000, 10.00000, 0.00000)
(14.44964, -10.00000, 0.00000)
(14.44964, 10.00000, 0.00000)
(14.50001, -9.99476, 0.00000)
(14.50001, -9.50001, 0.00000)
(14.50001, -9.00000, 0.00000)
(14.50001, -8.50000, 0.00000)
(14.50001, -8.00000, 0.00000)
(14.50001, -7.50001, 0.00000)
(14.50001, -7.00000, 0.00000)
(14.50001, -6.50000, 0.00000)
(14.50001, -6.00000, 0.00000)
(14.50001, -5.50000, 0.00000)
(14.50001, -5.00000, 0.00000)
(14.50001, -4.50000, 0.00000)
(14.50001, -4.00000, 0.00000)
(14.50001, -3.50000, 0.00000)
(14.50001, -3.00000, 0.00000)
(14.50001, -2.50000, 0.00000)
(14.50001, -2.00000, 0.00000)
(14.50001, -1.50001, 0.00000)
(14.50001, -1.00000, 0.00000)
(14.50001, -0.50000, 0.00000)
(14.50000, 0.50000, 0.00000)
(14.50001, 0.00000, 0.00000)
(14.50000, 1.00000, 0.00000)
(14.50000, 1.50000, 0.00000)
(14.50000, 2.00000, 0.00000)
(14.50000, 2.49999, 0.00000)
(14.50000, 3.00000, 0.00000)
(14.49999, 4.00000, 0.00000)
(14.50000, 3.50000, 0.00000)
(14.50000, 4.50000, 0.00000)
(14.50000, 5.00000, 0.00000)
(14.49999, 6.00000, 0.00000)
(14.50001, 5.50000, 0.00000)
(14.50000, 6.50000, 0.00000)
(14.49999, 8.00000, 0.00000)
(14.49999, 8.49999, 0.00000)
(14.50000, 7.50000, 0.00000)
(14.50001, 7.00000, 0.00000)
(14.50000, 9.00000, 0.00000)
(14.50000, 9.50000, 0.00000)
(14.50000, 9.99475, 0.00000)
(15.00000, -9.94637, 0.00000)
(15.00000, -9.50001, 0.00000)
(15.00000, -9.00000, 0.00000)
(15.00000, -8.50000, 0.00000)
(15.00000, -8.00000, 0.00000)
(15.00000, -7.50000, 0.00000)
(15.00000, -7.00000, 0.00000)
(15.00000, -6.50000, 0.00000)
(15.00000, -6.00000, 0.00000)
(15.00000, -5.50000, 0.00000)
(15.00000, -5.00000, 0.00000)
(15.00000, -4.50000, 0.00000)
(15.00000, -4.00000, 0.00000)
(15.00000, -3.50001, 0.00000)
(15.00000, -3.00000, 0.00000)
(15.00000, -2.50000, 0.00000)
(15.00000, -2.00000, 0.00000)
(15.00000, -1.50001, 0.00000)
(15.00000, -1.00000, 0.00000)
(15.00000, -0.50000, 0.00000)
(15.00000, 0.00000, 0.00000)
(15.00000, 0.50000, 0.00000)
(15.00000, 1.00000, 0.00000)
(15.00000, 1.50000, 0.00000)
(15.00000, 2.00000, 0.00000)
(15.00000, 2.49999, 0.00000)
(15.00000, 3.00000, 0.00000)
(15.00000, 3.50000, 0.00000)
(15.00000, 4.00000, 0.00000)
(15.00000, 4.50000, 0.00000)
(15.00000, 5.00000, 0.00000)
(15.00000, 5.50000, 0.00000)
(15.00000, 6.00000, 0.00000)
(15.00000, 6.50000, 0.00000)
(15.00000, 7.00000, 0.00000)
(15.00000, 7.50000, 0.00000)
(15.00000, 8.00000, 0.00000)
(15.00000, 8.49999, 0.00000)
(15.00000, 9.00000, 0.00000)
(15.00000, 9.50000, 0.00000)
(15.00000, 9.94636, 0.00000)
(15.50000, -9.90643, 0.00000)
(15.50000, -9.50000, 0.00000)
(15.50000, -9.00000, 0.00000)
(15.50000, -8.50000, 0.00000)
(15.50000, -8.00000, 0.00000)
(15.50000, -7.50000, 0.00000)
(15.50000, -7.00000, 0.00000)
(15.50000, -6.50000, 0.00000)
(15.50000, -6.00000, 0.00000)
(15.50000, -5.50000, 0.00000)
(15.50000, -5.00000, 0.00000)
(15.50000, -4.50000, 0.00000)
(15.50000, -4.00000, 0.00000)
(15.50000, -3.50000, 0.00000)
(15.50000, -3.00000, 0.00000)
(15.50000, -2.50001, 0.00000)
(15.50000, -2.00000, 0.00000)
(15.50000, -1.50000, 0.00000)
(15.50000, -1.00000, 0.00000)
(15.50000, -0.50000, 0.00000)
(15.50000, 0.00000, 0.00000)
(15.49999, 1.00000, 0.00000)
(15.50000, 0.50000, 0.00000)
(15.50000, 1.50000, 0.00000)
(15.50000, 2.49999, 0.00000)
(15.50001, 2.00000, 0.00000)
(15.50000, 3.00000, 0.00000)
(15.50000, 3.50000, 0.00000)
(15.50000, 4.00000, 0.00000)
(15.50000, 4.50000, 0.00000)
(15.49999, 5.50000, 0.00000)
(15.50000, 5.00000, 0.00000)
(15.49999, 6.00000, 0.00000)
(15.50000, 6.50000, 0.00000)
(15.50000, 7.00000, 0.00000)
(15.49999, 8.49999, 0.00000)
(15.50000, 7.50000, 0.00000)
(15.50000, 8.00000, 0.00000)
(15.49999, 9.50000, 0.00000)
(15.49999, 9.90643, 0.00000)
(15.50000, 9.00000, 0.00000)
(16.00000, -9.87875, 0.00000)
(16.00000, -9.50000, 0.00000)
(16.00000, -9.00000, 0.00000)
(16.00000, -8.49999, 0.00000)
(16.00000, -8.00000, 0.00000)
(16.00000, -7.50000, 0.00000)
(16.00000, -7.00000, 0.00000)
(16.00000, -6.50000, 0.00000)
(16.00000, -6.00000, 0.00000)
(16.00000, -5.49999, 0.00000)
(16.00000, -5.00000, 0.00000)
(16.00000, -4.50000, 0.00000)
(16.00000, -4.00000, 0.00000)
(16.00000, -3.50000, 0.00000)
(16.00000, -3.00000, 0.00000)
(16.00000, -2.50000, 0.00000)
(16.00000, -2.00000, 0.00000)
(16.00000, -1.50000, 0.00000)
(16.00000, -1.00000, 0.00000)
(16.00000, -0.50000, 0.00000)
(16.00000, 0.00000, 0.00000)
(16.00000, 0.50000, 0.00000)
(16.00000, 1.00000, 0.00000)
(16.00000, 1.50000, 0.00000)
(16.00000, 2.00000, 0.00000)
(16.00000, 2.49999, 0.00000)
(16.00000, 3.00000, 0.00000)
(16.00000, 3.50000, 0.00000)
(16.00000, 4.00000, 0.00000)
(16.00000, 4.50000, 0.00000)
(16.00000, 5.00000, 0.00000)
(16.00000, 5.50000, 0.00000)
(16.00000, 6.00000, 0.00000)
(16.00000, 6.50000, 0.00000)
(16.00000, 7.00000, 0.00000)
(16.00000, 7.50000, 0.00000)
(16.00000, 8.00000, 0.00000)
(16.00000, 8.49999, 0.00000)
(16.00000, 9.00000, 0.00000)
(16.00000, 9.50000, 0.00000)
(16.00000, 9.87875, 0.00000)
(16.50000, -9.86611, 0.00000)
(16.50000, -9.50000, 0.00000)
(16.50000, -9.00000, 0.00000)
(16.50000, -8.50000, 0.00000)
(16.50000, -8.00000, 0.00000)
(16.50000, -7.50000, 0.00000)
(16.50000, -7.00000, 0.00000)
(16.50000, -6.50000, 0.00000)
(16.50000, -6.00000, 0.00000)
(16.50000, -5.50001, 0.00000)
(16.50000, -5.00000, 0.00000)
(16.50000, -4.50000, 0.00000)
(16.50000, -4.00000, 0.00000)
(16.50000, -3.50000, 0.00000)
(16.50000, -3.00000, 0.00000)
(16.50000, -2.50000, 0.00000)
(16.50000, -2.00000, 0.00000)
(16.50000, -1.50000, 0.00000)
(16.50000, -1.00000, 0.00000)
(16.50000, -0.50000, 0.00000)
(16.50000, 0.00000, 0.00000)
(16.50000, 0.50000, 0.00000)
(16.50000, 1.00000, 0.00000)
(16.50000, 1.50000, 0.00000)
(16.50000, 2.00000, 0.00000)
(16.50000, 2.49999, 0.00000)
(16.50000, 3.50000, 0.00000)
(16.49999, 4.50000, 0.00000)
(16.50001, 3.00000, 0.00000)
(16.50000, 4.00000, 0.00000)
(16.50000, 5.00000, 0.00000)
(16.50000, 5.50000, 0.00000)
(16.50000, 6.00000, 0.00000)
(16.50000, 6.50000, 0.00000)
(16.50000, 7.00000, 0.00000)
(16.50000, 7.50000, 0.00000)
(16.50000, 8.00000, 0.00000)
(16.50000, 8.49999, 0.00000)
(16.50000, 9.00000, 0.00000)
(16.50000, 9.50000, 0.00000)
(16.50000, 9.86611, 0.00000)
(17.00000, -9.87046, 0.00000)
(17.00000, -9.50000, 0.00000)
(17.00000, -9.00000, 0.00000)
(17.00000, -8.50000, 0.00000)
(17.00000, -8.00000, 0.00000)
(17.00000, -7.49999, 0.00000)
(17.00000, -7.00000, 0.00000)
(17.00000, -6.50000, 0.00000)
(17.00000, -6.00000, 0.00000)
(17.00000, -5.50001, 0.00000)
(17.00000, -5.00000, 0.00000)
(17.00000, -4.50000, 0.00000)
(17.00000, -4.00000, 0.00000)
(17.00000, -3.50001, 0.00000)
(17.00000, -3.00000, 0.00000)
(17.00000, -2.50000, 0.00000)
(17.00000, -2.00000, 0.00000)
(17.00000, -1.50000, 0.00000)
(17.00000, -1.00000, 0.00000)
(17.00000, -0.50000, 0.00000)
(17.00000, 0.00000, 0.00000)
(17.00000, 0.50000, 0.00000)
(17.00000, 1.00000, 0.00000)
(17.00000, 1.50000, 0.00000)
(17.00000, 2.00000, 0.00000)
(17.00000, 2.49999, 0.00000)
(17.00000, 3.00000, 0.00000)
(17.00000, 3.50000, 0.00000)
(17.00000, 4.00000, 0.00000)
(17.00000, 4.50000, 0.00000)
(17.00000, 5.00000, 0.00000)
(17.00000, 5.50000, 0.00000)
(17.00000, 6.00000, 0.00000)
(17.00000, 6.50000, 0.00000)
(17.00000, 7.00000, 0.00000)
(17.00000, 7.50000, 0.00000)
(17.00000, 8.00000, 0.00000)
(17.00000, 8.49999, 0.00000)
(17.00000, 9.00000, 0.00000)
(17.00000, 9.50000, 0.00000)
(17.00000, 9.87046, 0.00000)
(17.50000, -9.89275, 0.00000)
(17.50000, -9.50001, 0.00000)
(17.50000, -9.00000, 0.00000)
(17.50000, -8.50000, 0.00000)
(17.50000, -8.00000, 0.00000)
(17.50000, -7.50000, 0.00000)
(17.50000, -7.00000, 0.00000)
(17.50000, -6.50000, 0.00000)
(17.50000, -6.00000, 0.00000)
(17.50000, -5.50000, 0.00000)
(17.50000, -5.00000, 0.00000)
(17.50000, -4.50000, 0.00000)
(17.50000, -4.00000, 0.00000)
(17.50000, -3.50000, 0.00000)
(17.50000, -3.00000, 0.00000)
(17.50000, -2.49999, 0.00000)
(17.50000, -2.00000, 0.00000)
(17.50000, -1.50000, 0.00000)
(17.50000, -1.00000, 0.00000)
(17.50000, -0.50000, 0.00000)
(17.50000, 0.00000, 0.00000)
(17.50000, 1.00000, 0.00000)
(17.50001, 0.50000, 0.00000)
(17.50000, 1.50000, 0.00000)
(17.50000, 2.00000, 0.00000)
(17.50000, 2.49999, 0.00000)
(17.50000, 3.00000, 0.00000)
(17.50000, 3.50000, 0.00000)
(17.50000, 4.00000, 0.00000)
(17.49999, 5.00000, 0.00000)
(17.50000, 4.50000, 0.00000)
(17.50000, 5.50000, 0.00000)
(17.50000, 6.00000, 0.00000)
(17.50000, 6.50000, 0.00000)
(17.50000, 7.50000, 0.00000)
(17.50001, 7.00000, 0.00000)
(17.50000, 8.00000, 0.00000)
(17.50000, 8.49999, 0.00000)
(17.49999, 9.50000, 0.00000)
(17.49999, 9.89274, 0.00000)
(17.50001, 9.00000, 0.00000)
(18.00000, -9.93400, 0.00000)
(18.00000, -9.50000, 0.00000)
(18.00000, -9.00000, 0.00000)
(18.00000, -8.50000, 0.00000)
(18.00000, -8.00000, 0.00000)
(18.00000, -7.50001, 0.00000)
(18.00000, -7.00000, 0.00000)
(18.00000, -6.50000, 0.00000)
(18.00000, -6.00000, 0.00000)
(18.00000, -5.50000, 0.00000)
(18.00000, -5.00000, 0.00000)
(18.00000, -4.50000, 0.00000)
(18.00000, -4.00000, 0.00000)
(18.00000, -3.50000, 0.00000)
(18.00000, -3.00000, 0.00000)
(18.00000, -2.50000, 0.00000)
(18.00000, -2.00000, 0.00000)
(18.00000, -1.50000, 0.00000)
(18.00000, -1.00000, 0.00000)
(18.00000, -0.50000, 0.00000)
(18.00000, 0.00000, 0.00000)
(18.00000, 0.50000, 0.00000)
(18.00000, 1.00000, 0.00000)
(18.00000, 1.50000, 0.00000)
(18.00000, 2.00000, 0.00000)
(18.00000, 2.49999, 0.00000)
(18.00000, 3.00000, 0.00000)
(18.00000, 3.50000, 0.00000)
(18.00000, 4.00000, 0.00000)
(18.00000, 4.50000, 0.00000)
(18.00000, 5.00000, 0.00000)
(18.00000, 5.50000, 0.00000)
(18.00000, 6.00000, 0.00000)
(18.00000, 6.50000, 0.00000)
(18.00000, 7.00000, 0.00000)
(18.00000, 7.50000, 0.00000)
(18.00000, 8.00000, 0.00000)
(18.00000, 8.49999, 0.00000)
(18.00000, 9.00000, 0.00000)
(18.00000, 9.50000, 0.00000)
(18.00000, 9.93400, 0.00000)
(18.50000, -9.99527, 0.00000)
(18.50000, -9.50000, 0.00000)
(18.50000, -9.00000, 0.00000)
(18.50000, -8.50000, 0.00000)
(18.50000, -8.00000, 0.00000)
(18.50000, -7.50000, 0.00000)
(18.50000, -7.00000, 0.00000)
(18.50000, -6.50000, 0.00000)
(18.50000, -6.00000, 0.00000)
(18.50000, -5.50000, 0.00000)
(18.50000, -5.00000, 0.00000)
(18.50000, -4.50000, 0.00000)
(18.50000, -4.00000, 0.00000)
(18.50000, -3.49999, 0.00000)
(18.50000, -3.00000, 0.00000)
(18.50000, -2.50000, 0.00000)
(18.50000, -2.00000, 0.00000)
(18.50000, -1.50000, 0.00000)
(18.50000, -1.00000, 0.00000)
(18.50000, -0.50000, 0.00000)
(18.50000, 0.00000, 0.00000)
(18.50000, 0.50000, 0.00000)
(18.50000, 1.00000, 0.00000)
(18.50000, 2.00000, 0.00000)
(18.49999, 3.00000, 0.00000)
(18.50000, 2.49999, 0.00000)
(18.50001, 1.50000, 0.00000)
(18.50000, 3.50000, 0.00000)
(18.50000, 4.00000, 0.00000)
(18.50000, 4.50000, 0.00000)
(18.50000, 5.00000, 0.00000)
(18.50000, 5.50000, 0.00000)
(18.50000, 6.00000, 0.00000)
(18.49999, 7.50000, 0.00000)
(18.50000, 7.00000, 0.00000)
(18.50001, 6.50000, 0.00000)
(18.50000, 8.00000, 0.00000)
(18.50000, 9.00000, 0.00000)
(18.50001, 8.49999, 0.00000)
(18.50000, 9.50000, 0.00000)
(18.50000, 9.99527, 0.00000)
(18.52900, -10.00000, 0.00000)
(18.52900, 10.00000, 0.00000)
(19.00000, -10.07544, 0.00000)
(19.00000, -10.00000, 0.00000)
(19.00000, -9.50000, 0.00000)
(19.00000, -9.00000, 0.00000)
(19.00000, -8.50001, 0.00000)
(19.00000, -8.00000, 0.00000)
(19.00000, -7.49999, 0.00000)
(19.00000, -7.00000, 0.00000)
(19.00000, -6.50000, 0.00000)
(19.00000, -6.00000, 0.00000)
(19.00000, -5.50000, 0.00000)
(19.00000, -5.00000, 0.00000)
(19.00000, -4.50000, 0.00000)
(19.00000, -4.00000, 0.00000)
(19.00000, -3.50000, 0.00000)
(19.00000, -3.00000, 0.00000)
(19.00000, -2.50001, 0.00000)
(19.00000, -2.00000, 0.00000)
(19.00000, -1.50001, 0.00000)
(19.00000, -1.00000, 0.00000)
(19.00000, -0.50000, 0.00000)
(19.00000, 0.00000, 0.00000)
(19.00000, 0.50000, 0.00000)
(19.00000, 1.00000, 0.00000)
(19.00000, 1.50000, 0.00000)
(19.00000, 2.00000, 0.00000)
(19.00000, 2.49999, 0.00000)
(19.00000, 3.00000, 0.00000)
(19.00000, 3.50000, 0.00000)
(19.00000, 4.00000, 0.00000)
(19.00000, 4.50000, 0.00000)
(19.00000, 5.00000, 0.00000)
(19.00000, 5.50000, 0.00000)
(19.00000, 6.00000, 0.00000)
(19.00000, 6.50000, 0.00000)
(19.00000, 7.00000, 0.00000)
(19.00000, 7.50000, 0.00000)
(19.00000, 8.00000, 0.00000)
(19.00000, 8.49999, 0.00000)
(19.00000, 9.00000, 0.00000)
(19.00000, 9.50000, 0.00000)
(19.00000, 10.00000, 0.00000)
(19.00000, 10.07544, 0.00000)
(19.50000, -10.17418, 0.00000)
(19.50000, -10.00000, 0.00000)
(19.50000, -9.50000, 0.00000)
(19.50000, -9.00000, 0.00000)
(19.50000, -8.50000, 0.00000)
(19.50000, -8.00000, 0.00000)
(19.50000, -7.50000, 0.00000)
(19.50000, -7.00000, 0.00000)
(19.50000, -6.50000, 0.00000)
(19.50000, -6.00000, 0.00000)
(19.50000, -5.50001, 0.00000)
(19.50000, -5.00000, 0.00000)
(19.50000, -4.50000, 0.00000)
(19.50000, -4.00000, 0.00000)
(19.50000, -3.50000, 0.00000)
(19.50000, -3.00000, 0.00000)
(19.50000, -2.50000, 0.00000)
(19.50000, -2.00000, 0.00000)
(19.50000, -1.49999, 0.00000)
(19.50000, -1.00000, 0.00000)
(19.50000, -0.50000, 0.00000)
(19.50000, 0.00000, 0.00000)
(19.50000, 0.50000, 0.00000)
(19.50000, 1.00000, 0.00000)
(19.50000, 1.50000, 0.00000)
(19.50000, 2.00000, 0.00000)
(19.50000, 3.00000, 0.00000)
(19.50001, 2.49999, 0.00000)
(19.50000, 3.50000, 0.00000)
(19.50000, 4.00000, 0.00000)
(19.50000, 4.50000, 0.00000)
(19.50000, 5.00000, 0.00000)
(19.50000, 5.50000, 0.00000)
(19.50000, 6.00000, 0.00000)
(19.50001, 6.50000, 0.00000)
(19.50000, 7.50000, 0.00000)
(19.50001, 7.00000, 0.00000)
(19.50000, 8.00000, 0.00000)
(19.50000, 8.49999, 0.00000)
(19.49999, 10.00000, 0.00000)
(19.49999, 10.17418, 0.00000)
(19.50000, 9.50000, 0.00000)
(19.50001, 9.00000, 0.00000)
(20.00000, -10.28976, 0.00000)
(20.00000, -10.00000, 0.00000)
(20.00000, -9.50000, 0.00000)
(20.00000, -9.00000, 0.00000)
(20.00000, -8.49999, 0.00000)
(20.00000, -8.00000, 0.00000)
(20.00000, -7.50000, 0.00000)
(20.00000, -7.00000, 0.00000)
(20.00000, -6.50001, 0.00000)
(20.00000, -6.00000, 0.00000)
(20.00000, -5.50000, 0.00000)
(20.00000, -5.00000, 0.00000)
(20.00000, -4.50000, 0.00000)
(20.00000, -4.00000, 0.00000)
(20.00000, -3.50000, 0.00000)
(20.00000, -3.00000, 0.00000)
(20.00000, -2.50000, 0.00000)
(20.00000, -2.00000, 0.00000)
(20.00000, -1.50000, 0.00000)
(20.00000, -1.00000, 0.00000)
(20.00000, -0.50000, 0.00000)
(20.00000, 0.00000, 0.00000)
(20.00000, 0.50000, 0.00000)
(20.00000, 1.00000, 0.00000)
(20.00000, 1.50000, 0.00000)
(20.00000, 2.00000, 0.00000)
(20.00000, 2.49999, 0.00000)
(20.00000, 3.00000, 0.00000)
(20.00000, 3.50000, 0.00000)
(20.00000, 4.00000, 0.00000)
(20.00000, 4.50000, 0.00000)
(20.00000, 5.00000, 0.00000)
(20.00000, 5.50000, 0.00000)
(20.00000, 6.00000, 0.00000)
(20.00000, 6.50000, 0.00000)
(20.00000, 7.00000, 0.00000)
(20.00000, 7.50000, 0.00000)
(20.00000, 8.00000, 0.00000)
(20.00000, 8.49999, 0.00000)
(20.00000, 9.00000, 0.00000)
(20.00000, 9.50000, 0.00000)
(20.00000, 10.00000, 0.00000)
(20.00000, 10.28976, 0.00000)
(20.50001, -10.42043, 0.00000)
(20.50001, -10.00000, 0.00000)
(20.50001, -9.50000, 0.00000)
(20.50001, -9.00000, 0.00000)
(20.50001, -8.50000, 0.00000)
(20.50001, -8.00000, 0.00000)
(20.50001, -7.49999, 0.00000)
(20.50001, -7.00000, 0.00000)
(20.50001, -6.50000, 0.00000)
(20.50001, -6.00000, 0.00000)
(20.50001, -5.50000, 0.00000)
(20.50001, -5.00000, 0.00000)
(20.50001, -4.49999, 0.00000)
(20.50001, -4.00000, 0.00000)
(20.50001, -3.50000, 0.00000)
(20.50001, -3.00000, 0.00000)
(20.50001, -2.49999, 0.00000)
(20.50001, -2.00000, 0.00000)
(20.49999, 0.50000, 0.00000)
(20.50001, -1.50000, 0.00000)
(20.50001, -1.00000, 0.00000)
(20.50001, -0.50000, 0.00000)
(20.50001, 0.00000, 0.00000)
(20.50000, 1.00000, 0.00000)
(20.50000, 2.00000, 0.00000)
(20.50000, 2.49999, 0.00000)
(20.50001, 1.50000, 0.00000)
(20.50000, 3.00000, 0.00000)
(20.50000, 3.50000, 0.00000)
(20.50000, 4.00000, 0.00000)
(20.50000, 5.00000, 0.00000)
(20.50001, 4.50000, 0.00000)
(20.50000, 5.50000, 0.00000)
(20.50000, 6.00000, 0.00000)
(20.50000, 7.00000, 0.00000)
(20.50001, 6.50000, 0.00000)
(20.50000, 8.00000, 0.00000)
(20.50000, 8.49999, 0.00000)
(20.50001, 7.50000, 0.00000)
(20.50000, 9.50000, 0.00000)
(20.50001, 9.00000, 0.00000)
(20.50000, 10.00000, 0.00000)
(20.50000, 10.42043, 0.00000)
(20.77589, -10.50001, 0.00000)
(20.77589, 10.49999, 0.00000)
(21.00000, -10.56379, 0.00000)
(21.00000, -10.50001, 0.00000)
(21.00000, -10.00000, 0.00000)
(21.00000, -9.49999, 0.00000)
(21.00000, -9.00000, 0.00000)
(21.00000, -8.50001, 0.00000)
(21.00000, -8.00000, 0.00000)
(21.00000, -7.50000, 0.00000)
(21.00000, -7.00000, 0.00000)
(21.00000, -6.50000, 0.00000)
(21.00000, -6.00000, 0.00000)
(21.00000, -5.50000, 0.00000)
(21.00000, -5.00000, 0.00000)
(21.00000, -4.50000, 0.00000)
(21.00000, -4.00000, 0.00000)
(21.00000, -3.50000, 0.00000)
(21.00000, -3.00000, 0.00000)
(21.00000, -2.49999, 0.00000)
(21.00000, -2.00000, 0.00000)
(21.00000, -1.50000, 0.00000)
(21.00000, -1.00000, 0.00000)
(21.00000, -0.50000, 0.00000)
(21.00000, 0.00000, 0.00000)
(21.00000, 0.50000, 0.00000)
(21.00000, 1.00000, 0.00000)
(21.00000, 1.50000, 0.00000)
(21.00000, 2.00000, 0.00000)
(21.00000, 2.49999, 0.00000)
(21.00000, 3.00000, 0.00000)
(21.00000, 3.50000, 0.00000)
(21.00000, 4.00000, 0.00000)
(21.00000, 4.50000, 0.00000)
(21.00000, 5.00000, 0.00000)
(21.00000, 5.50000, 0.00000)
(21.00000, 6.00000, 0.00000)
(21.00000, 6.50000, 0.00000)
(21.00000, 7.00000, 0.00000)
(21.00000, 7.50000, 0.00000)
(21.00000, 8.00000, 0.00000)
(21.00000, 8.49999, 0.00000)
(21.00000, 9.00000, 0.00000)
(21.00000, 9.50000, 0.00000)
(21.00000, 10.00000, 0.00000)
(21.00000, 10.49999, 0.00000)
(21.00000, 10.56377, 0.00000)
(21.49999, -10.71753, 0.00000)
(21.49999, -10.50000, 0.00000)
(21.49999, -10.00000, 0.00000)
(21.49999, -9.50000, 0.00000)
(21.49999, -9.00000, 0.00000)
(21.49999, -8.50001, 0.00000)
(21.49999, -8.00000, 0.00000)
(21.49999, -7.50000, 0.00000)
(21.49999, -7.00000, 0.00000)
(21.49999, -6.49999, 0.00000)
(21.49999, -6.00000, 0.00000)
(21.49999, -5.50000, 0.00000)
(21.49999, -5.00000, 0.00000)
(21.49999, -4.50001, 0.00000)
(21.49999, -4.00000, 0.00000)
(21.49999, -3.50000, 0.00000)
(21.49999, -3.00000, 0.00000)
(21.49999, -2.50000, 0.00000)
(21.49999, -2.00000, 0.00000)
(21.49999, -1.50000, 0.00000)
(21.49999, -1.00000, 0.00000)
(21.49999, -0.50000, 0.00000)
(21.49999, 0.00000, 0.00000)
(21.49999, 0.50000, 0.00000)
(21.50000, 1.00000, 0.00000)
(21.50000, 1.50000, 0.00000)
(21.50000, 2.00000, 0.00000)
(21.50000, 2.49999, 0.00000)
(21.50000, 3.00000, 0.00000)
(21.50000, 3.50000, 0.00000)
(21.49999, 4.50000, 0.00000)
(21.50000, 4.00000, 0.00000)
(21.50000, 5.50000, 0.00000)
(21.50001, 5.00000, 0.00000)
(21.50000, 6.00000, 0.00000)
(21.50000, 6.50000, 0.00000)
(21.50000, 7.00000, 0.00000)
(21.50000, 8.00000, 0.00000)
(21.50001, 7.50000, 0.00000)
(21.50000, 9.00000, 0.00000)
(21.50001, 8.49999, 0.00000)
(21.50000, 10.00000, 0.00000)
(21.50000, 10.49999, 0.00000)
(21.50001, 9.50000, 0.00000)
(21.50000, 10.71752, 0.00000)
(22.00000, -10.87925, 0.00000)
(22.00000, -10.50000, 0.00000)
(22.00000, -10.00000, 0.00000)
(22.00000, -9.50000, 0.00000)
(22.00000, -9.00000, 0.00000)
(22.00000, -8.50001, 0.00000)
(22.00000, -8.00000, 0.00000)
(22.00000, -7.50000, 0.00000)
(22.00000, -7.00000, 0.00000)
(22.00000, -6.50000, 0.00000)
(22.00000, -6.00000, 0.00000)
(22.00000, -5.50000, 0.00000)
(22.00000, -5.00000, 0.00000)
(22.00000, -4.50001, 0.00000)
(22.00000, -4.00000, 0.00000)
(22.00000, -3.49999, 0.00000)
(22.00000, -3.00000, 0.00000)
(22.00000, -2.50000, 0.00000)
(22.00000, -2.00000, 0.00000)
(22.00000, -1.50000, 0.00000)
(22.00000, -1.00000, 0.00000)
(22.00000, -0.50000, 0.00000)
(22.00000, 0.00000, 0.00000)
(22.00000, 0.50000, 0.00000)
(22.00000, 1.00000, 0.00000)
(22.00000, 1.50000, 0.00000)
(22.00000, 2.00000, 0.00000)
(22.00000, 2.49999, 0.00000)
(22.00000, 3.00000, 0.00000)
(22.00000, 3.50000, 0.00000)
(22.00000, 4.00000, 0.00000)
(22.00000, 4.50000, 0.00000)
(22.00000, 5.00000, 0.00000)
(22.00000, 5.50000, 0.00000)
(22.00000, 6.00000, 0.00000)
(22.00000, 6.50000, 0.00000)
(22.00000, 7.00000, 0.00000)
(22.00000, 7.50000, 0.00000)
(22.00000, 8.00000, 0.00000)
(22.00000, 8.49999, 0.00000)
(22.00000, 9.00000, 0.00000)
(22.00000, 9.50000, 0.00000)
(22.00000, 10.00000, 0.00000)
(22.00000, 10.49999, 0.00000)
(22.00000, 10.87924, 0.00000)
(22.36349, -11.00000, 0.00000)
(22.36350, 11.00000, 0.00000)
(22.50000, -11.04488, 0.00000)
(22.50000, -11.00000, 0.00000)
(22.50000, -10.50000, 0.00000)
(22.50000, -10.00000, 0.00000)
(22.50000, -9.49999, 0.00000)
(22.50000, -9.00000, 0.00000)
(22.50000, -8.50000, 0.00000)
(22.50000, -8.00000, 0.00000)
(22.50000, -7.50000, 0.00000)
(22.50000, -7.00000, 0.00000)
(22.50000, -6.50000, 0.00000)
(22.50000, -6.00000, 0.00000)
(22.50000, -5.50000, 0.00000)
(22.50000, -5.00000, 0.00000)
(22.50000, -4.50000, 0.00000)
(22.50000, -4.00000, 0.00000)
(22.50000, -3.50000, 0.00000)
(22.50000, -3.00000, 0.00000)
(22.50000, -2.50000, 0.00000)
(22.50000, -2.00000, 0.00000)
(22.50000, -1.50000, 0.00000)
(22.50000, -1.00000, 0.00000)
(22.50000, -0.50000, 0.00000)
(22.50000, 0.00000, 0.00000)
(22.50000, 0.50000, 0.00000)
(22.50000, 1.00000, 0.00000)
(22.49999, 3.00000, 0.00000)
(22.50000, 2.49999, 0.00000)
(22.50001, 1.50000, 0.00000)
(22.50001, 2.00000, 0.00000)
(22.50000, 3.50000, 0.00000)
(22.49999, 4.50000, 0.00000)
(22.50000, 4.00000, 0.00000)
(22.50000, 5.00000, 0.00000)
(22.50000, 5.50000, 0.00000)
(22.50000, 6.00000, 0.00000)
(22.50001, 6.50000, 0.00000)
(22.50001, 7.00000, 0.00000)
(22.50000, 8.00000, 0.00000)
(22.50000, 8.49999, 0.00000)
(22.50001, 7.50000, 0.00000)
(22.50000, 9.00000, 0.00000)
(22.49999, 10.49999, 0.00000)
(22.50000, 9.50000, 0.00000)
(22.50000, 10.00000, 0.00000)
(22.50001, 11.00000, 0.00000)
(22.50001, 11.04488, 0.00000)
(23.00000, -11.21023, 0.00000)
(23.00000, -11.00000, 0.00000)
(23.00000, -10.50000, 0.00000)
(23.00000, -10.00000, 0.00000)
(23.00000, -9.50000, 0.00000)
(23.00000, -9.00000, 0.00000)
(23.00000, -8.50000, 0.00000)
(23.00000, -8.00000, 0.00000)
(23.00000, -7.50001, 0.00000)
(23.00000, -7.00000, 0.00000)
(23.00000, -6.50000, 0.00000)
(23.00000, -6.00000, 0.00000)
(23.00000, -5.50000, 0.00000)
(23.00000, -5.00000, 0.00000)
(23.00000, -4.49999, 0.00000)
(23.00000, -4.00000, 0.00000)
(23.00000, -3.50000, 0.00000)
(23.00000, -3.00000, 0.00000)
(23.00000, -2.50000, 0.00000)
(23.00000, -2.00000, 0.00000)
(23.00000, -1.50000, 0.00000)
(23.00000, -1.00000, 0.00000)
(23.00000, -0.50000, 0.00000)
(23.00000, 0.00000, 0.00000)
(23.00000, 0.50000, 0.00000)
(23.00000, 1.00000, 0.00000)
(23.00000, 1.50000, 0.00000)
(23.00000, 2.00000, 0.00000)
(23.00000, 2.49999, 0.00000)
(23.00000, 3.00000, 0.00000)
(23.00000, 3.50000, 0.00000)
(23.00000, 4.00000, 0.00000)
(23.00000, 4.50000, 0.00000)
(23.00000, 5.00000, 0.00000)
(23.00000, 5.50000, 0.00000)
(23.00000, 6.00000, 0.00000)
(23.00000, 6.50000, 0.00000)
(23.00000, 7.00000, 0.00000)
(23.00000, 7.50000, 0.00000)
(23.00000, 8.00000, 0.00000)
(23.00000, 8.49999, 0.00000)
(23.00000, 9.00000, 0.00000)
(23.00000, 9.50000, 0.00000)
(23.00000, 10.00000, 0.00000)
(23.00000, 10.49999, 0.00000)
(23.00000, 11.00000, 0.00000)
(23.00000, 11.21023, 0.00000)
(23.50001, -11.37250, 0.00000)
(23.50001, -11.00000, 0.00000)
(23.50001, -10.49999, 0.00000)
(23.50001, -10.00000, 0.00000)
(23.50001, -9.50000, 0.00000)
(23.50001, -9.00000, 0.00000)
(23.50001, -8.50000, 0.00000)
(23.50001, -8.00000, 0.00000)
(23.50001, -7.50000, 0.00000)
(23.50001, -7.00000, 0.00000)
(23.50001, -6.50000, 0.00000)
(23.50001, -6.00000, 0.00000)
(23.50001, -5.50000, 0.00000)
(23.50001, -5.00000, 0.00000)
(23.50001, -4.50000, 0.00000)
(23.50001, -4.00000, 0.00000)
(23.50001, -3.50001, 0.00000)
(23.50001, -3.00000, 0.00000)
(23.50001, -2.50000, 0.00000)
(23.50001, -2.00000, 0.00000)
(23.50001, -1.50000, 0.00000)
(23.50001, -1.00000, 0.00000)
(23.50001, -0.50000, 0.00000)
(23.50000, 0.50000, 0.00000)
(23.50001, 0.00000, 0.00000)
(23.50000, 1.00000, 0.00000)
(23.50000, 1.50000, 0.00000)
(23.50000, 2.00000, 0.00000)
(23.50000, 2.49999, 0.00000)
(23.50000, 3.00000, 0.00000)
(23.50000, 3.50000, 0.00000)
(23.50000, 4.00000, 0.00000)
(23.50000, 4.50000, 0.00000)
(23.49999, 5.50000, 0.00000)
(23.50000, 5.00000, 0.00000)
(23.50000, 6.50000, 0.00000)
(23.50001, 6.00000, 0.00000)
(23.50000, 7.00000, 0.00000)
(23.50000, 7.50000, 0.00000)
(23.50000, 8.00000, 0.00000)
(23.50000, 8.49999, 0.00000)
(23.50000, 9.00000, 0.00000)
(23.50000, 10.00000, 0.00000)
(23.50000, 10.49999, 0.00000)
(23.50001, 9.50000, 0.00000)
(23.50000, 11.00000, 0.00000)
(23.50000, 11.37250, 0.00000)
(23.90865, -11.50000, 0.00000)
(23.90865, 11.50000, 0.00000)
(24.00000, -11.52828, 0.00000)
(24.00000, -11.50000, 0.00000)
(24.00000, -11.00000, 0.00000)
(24.00000, -10.50000, 0.00000)
(24.00000, -10.00000, 0.00000)
(24.00000, -9.50000, 0.00000)
(24.00000, -9.00000, 0.00000)
(24.00000, -8.50000, 0.00000)
(24.00000, -8.00000, 0.00000)
(24.00000, -7.50000, 0.00000)
(24.00000, -7.00000, 0.00000)
(24.00000, -6.50000, 0.00000)
(24.00000, -6.00000, 0.00000)
(24.00000, -5.50000, 0.00000)
(24.00000, -5.00000, 0.00000)
(24.00000, -4.49999, 0.00000)
(24.00000, -4.00000, 0.00000)
(24.00000, -3.50001, 0.00000)
(24.00000, -3.00000, 0.00000)
(24.00000, -2.50000, 0.00000)
(24.00000, -2.00000, 0.00000)
(24.00000, -1.50000, 0.00000)
(24.00000, -1.00000, 0.00000)
(24.00000, -0.50000, 0.00000)
(24.00000, 0.00000, 0.00000)
(24.00000, 0.50000, 0.00000)
(24.00000, 1.00000, 0.00000)
(24.00000, 1.50000, 0.00000)
(24.00000, 2.00000, 0.00000)
(24.00000, 2.49999, 0.00000)
(24.00000, 3.00000, 0.00000)
(24.00000, 3.50000, 0.00000)
(24.00000, 4.00000, 0.00000)
(24.00000, 4.50000, 0.00000)
(24.00000, 5.00000, 0.00000)
(24.00000, 5.50000, 0.00000)
(24.00000, 6.00000, 0.00000)
(24.00000, 6.50000, 0.00000)
(24.00000, 7.00000, 0.00000)
(24.00000, 7.50000, 0.00000)
(24.00000, 8.00000, 0.00000)
(24.00000, 8.49999, 0.00000)
(24.00000, 9.00000, 0.00000)
(24.00000, 9.50000, 0.00000)
(24.00000, 10.00000, 0.00000)
(24.00000, 10.49999, 0.00000)
(24.00000, 11.00000, 0.00000)
(24.00000, 11.50000, 0.00000)
(24.00000, 11.52828, 0.00000)
(24.50001, -11.67403, 0.00000)
(24.50001, -11.50000, 0.00000)
(24.50001, -11.00000, 0.00000)
(24.50001, -10.50000, 0.00000)
(24.50001, -10.00000, 0.00000)
(24.50001, -9.50000, 0.00000)
(24.50001, -9.00000, 0.00000)
(24.50001, -8.50000, 0.00000)
(24.50001, -8.00000, 0.00000)
(24.50001, -7.50000, 0.00000)
(24.50001, -7.00000, 0.00000)
(24.50001, -6.50000, 0.00000)
(24.50001, -6.00000, 0.00000)
(24.50001, -5.50000, 0.00000)
(24.50001, -5.00000, 0.00000)
(24.50001, -4.50000, 0.00000)
(24.50001, -4.00000, 0.00000)
(24.50001, -3.50000, 0.00000)
(24.50001, -3.00000, 0.00000)
(24.50001, -2.50000, 0.00000)
(24.50001, -2.00000, 0.00000)
(24.50001, -1.50000, 0.00000)
(24.50001, -1.00000, 0.00000)
(24.50001, -0.50000, 0.00000)
(24.50000, 0.50000, 0.00000)
(24.50001, 0.00000, 0.00000)
(24.50000, 1.00000, 0.00000)
(24.50000, 1.50000, 0.00000)
(24.50000, 2.00000, 0.00000)
(24.50000, 2.49999, 0.00000)
(24.50000, 3.00000, 0.00000)
(24.50000, 4.00000, 0.00000)
(24.50001, 3.50000, 0.00000)
(24.50000, 4.50000, 0.00000)
(24.50000, 5.00000, 0.00000)
(24.50000, 6.00000, 0.00000)
(24.49999, 7.00000, 0.00000)
(24.50001, 5.50000, 0.00000)
(24.50000, 6.50000, 0.00000)
(24.49999, 8.00000, 0.00000)
(24.49999, 8.49999, 0.00000)
(24.50000, 7.50000, 0.00000)
(24.50000, 9.00000, 0.00000)
(24.49999, 10.49999, 0.00000)
(24.50000, 10.00000, 0.00000)
(24.50001, 9.50000, 0.00000)
(24.50000, 11.00000, 0.00000)
(24.50000, 11.50000, 0.00000)
(24.50000, 11.67403, 0.00000)
(25.00000, -11.80553, 0.00000)
(25.00000, -11.50000, 0.00000)
(25.00000, -11.00000, 0.00000)
(25.00000, -10.50000, 0.00000)
(25.00000, -10.00000, 0.00000)
(25.00000, -9.50000, 0.00000)
(25.00000, -9.00000, 0.00000)
(25.00000, -8.50000, 0.00000)
(25.00000, -8.00000, 0.00000)
(25.00000, -7.50001, 0.00000)
(25.00000, -7.00000, 0.00000)
(25.00000, -6.50001, 0.00000)
(25.00000, -6.00000, 0.00000)
(25.00000, -5.50000, 0.00000)
(25.00000, -5.00000, 0.00000)
(25.00000, -4.50000, 0.00000)
(25.00000, -4.00000, 0.00000)
(25.00000, -3.50001, 0.00000)
(25.00000, -3.00000, 0.00000)
(25.00000, -2.50000, 0.00000)
(25.00000, -2.00000, 0.00000)
(25.00000, -1.50000, 0.00000)
(25.00000, -1.00000, 0.00000)
(25.00000, -0.50000, 0.00000)
(25.00000, 0.00000, 0.00000)
(25.00000, 0.50000, 0.00000)
(25.00000, 1.00000, 0.00000)
(25.00000, 1.50000, 0.00000)
(25.00000, 2.00000, 0.00000)
(25.00000, 2.49999, 0.00000)
(25.00000, 3.00000, 0.00000)
(25.00000, 3.50000, 0.00000)
(25.00000, 4.00000, 0.00000)
(25.00000, 4.50000, 0.00000)
(25.00000, 5.00000, 0.00000)
(25.00000, 5.50000, 0.00000)
(25.00000, 6.00000, 0.00000)
(25.00000, 6.50000, 0.00000)
(25.00000, 7.00000, 0.00000)
(25.00000, 7.50000, 0.00000)
(25.00000, 8.00000, 0.00000)
(25.00000, 8.49999, 0.00000)
(25.00000, 9.00000, 0.00000)
(25.00000, 9.50000, 0.00000)
(25.00000, 10.00000, 0.00000)
(25.00000, 10.49999, 0.00000)
(25.00000, 11.00000, 0.00000)
(25.00000, 11.50000, 0.00000)
(25.00000, 11.80553, 0.00000)
(25.50000, -11.91692, 0.00000)
(25.50000, -11.50000, 0.00000)
(25.50000, -11.00000, 0.00000)
(25.50000, -10.50000, 0.00000)
(25.50000, -10.00000, 0.00000)
(25.50000, -9.50000, 0.00000)
(25.50000, -9.00000, 0.00000)
(25.50000, -8.50000, 0.00000)
(25.50000, -8.00000, 0.00000)
(25.50000, -7.49999, 0.00000)
(25.50000, -7.00000, 0.00000)
(25.50000, -6.50000, 0.00000)
(25.50000, -6.00000, 0.00000)
(25.50000, -5.50000, 0.00000)
(25.50000, -5.00000, 0.00000)
(25.50000, -4.50000, 0.00000)
(25.50000, -4.00000, 0.00000)
(25.50000, -3.50000, 0.00000)
(25.50000, -3.00000, 0.00000)
(25.50000, -2.50000, 0.00000)
(25.50000, -2.00000, 0.00000)
(25.50000, -1.50000, 0.00000)
(25.50000, -1.00000, 0.00000)
(25.50000, -0.50000, 0.00000)
(25.50000, 0.00000, 0.00000)
(25.50000, 0.50000, 0.00000)
(25.50000, 1.00000, 0.00000)
(25.49999, 2.00000, 0.00000)
(25.50000, 1.50000, 0.00000)
(25.50000, 2.49999, 0.00000)
(25.50000, 3.00000, 0.00000)
(25.50000, 3.50000, 0.00000)
(25.50000, 4.00000, 0.00000)
(25.50000, 4.50000, 0.00000)
(25.50000, 5.00000, 0.00000)
(25.50000, 5.50000, 0.00000)
(25.50000, 6.00000, 0.00000)
(25.50000, 6.50000, 0.00000)
(25.50000, 7.00000, 0.00000)
(25.50000, 7.50000, 0.00000)
(25.50000, 8.00000, 0.00000)
(25.50000, 8.49999, 0.00000)
(25.50001, 9.00000, 0.00000)
(25.50000, 10.00000, 0.00000)
(25.50000, 10.49999, 0.00000)
(25.50001, 9.50000, 0.00000)
(25.50000, 11.00000, 0.00000)
(25.50000, 11.50000, 0.00000)
(25.50000, 11.91692, 0.00000)
(25.99234, -12.00000, 0.00000)
(25.99234, 12.00000, 0.00000)
(26.00000, -12.00128, 0.00000)
(26.00000, -12.00000, 0.00000)
(26.00000, -11.50000, 0.00000)
(26.00000, -11.00000, 0.00000)
(26.00000, -10.50000, 0.00000)
(26.00000, -10.00000, 0.00000)
(26.00000, -9.49999, 0.00000)
(26.00000, -9.00000, 0.00000)
(26.00000, -8.50000, 0.00000)
(26.00000, -8.00000, 0.00000)
(26.00000, -7.50000, 0.00000)
(26.00000, -7.00000, 0.00000)
(26.00000, -6.50001, 0.00000)
(26.00000, -6.00000, 0.00000)
(26.00000, -5.49999, 0.00000)
(26.00000, -5.00000, 0.00000)
(26.00000, -4.49999, 0.00000)
(26.00000, -4.00000, 0.00000)
(26.00000, -3.50000, 0.00000)
(26.00000, -3.00000, 0.00000)
(26.00000, -2.50001, 0.00000)
(26.00000, -2.00000, 0.00000)
(26.00000, -1.50000, 0.00000)
(26.00000, -1.00000, 0.00000)
(26.00000, -0.50000, 0.00000)
(26.00000, 0.00000, 0.00000)
(26.00000, 0.50000, 0.00000)
(26.00000, 1.00000, 0.00000)
(26.00000, 1.50000, 0.00000)
(26.00000, 2.00000, 0.00000)
(26.00000, 2.49999, 0.00000)
(26.00000, 3.00000, 0.00000)
(26.00000, 3.50000, 0.00000)
(26.00000, 4.00000, 0.00000)
(26.00000, 4.50000, 0.00000)
(26.00000, 5.00000, 0.00000)
(26.00000, 5.50000, 0.00000)
(26.00000, 6.00000, 0.00000)
(26.00000, 6.50000, 0.00000)
(26.00000, 7.00000, 0.00000)
(26.00000, 7.50000, 0.00000)
(26.00000, 8.00000, 0.00000)
(26.00000, 8.49999, 0.00000)
(26.00000, 9.00000, 0.00000)
(26.00000, 9.50000, 0.00000)
(26.00000, 10.00000, 0.00000)
(26.00000, 10.49999, 0.00000)
(26.00000, 11.00000, 0.00000)
(26.00000, 11.50000, 0.00000)
(26.00000, 12.00000, 0.00000)
(26.00000, 12.00128, 0.00000)
(26.50001, -12.05036, 0.00000)
(26.50001, -12.00000, 0.00000)
(26.50001, -11.50000, 0.00000)
(26.50001, -11.00000, 0.00000)
(26.50001, -10.50000, 0.00000)
(26.50001, -10.00000, 0.00000)
(26.50001, -9.50000, 0.00000)
(26.50001, -9.00000, 0.00000)
(26.50001, -8.50000, 0.00000)
(26.50001, -8.00000, 0.00000)
(26.50001, -7.50000, 0.00000)
(26.50001, -7.00000, 0.00000)
(26.50001, -6.50000, 0.00000)
(26.50001, -6.00000, 0.00000)
(26.50001, -5.50000, 0.00000)
(26.50001, -5.00000, 0.00000)
(26.50001, -4.50000, 0.00000)
(26.50001, -4.00000, 0.00000)
(26.50001, -3.50000, 0.00000)
(26.50001, -3.00000, 0.00000)
(26.50001, -2.50000, 0.00000)
(26.50001, -2.00000, 0.00000)
(26.50001, -1.50000, 0.00000)
(26.50001, -1.00000, 0.00000)
(26.49999, 1.00000, 0.00000)
(26.50001, -0.50000, 0.00000)
(26.50001, 0.00000, 0.00000)
(26.49999, 2.00000, 0.00000)
(26.50001, 0.50000, 0.00000)
(26.50000, 1.50000, 0.00000)
(26.49999, 3.50000, 0.00000)
(26.50000, 3.00000, 0.00000)
(26.50001, 2.49999, 0.00000)
(26.50000, 4.00000, 0.00000)
(26.50000, 4.50000, 0.00000)
(26.50000, 5.00000, 0.00000)
(26.50000, 6.00000, 0.00000)
(26.50001, 5.50000, 0.00000)
(26.50000, 6.50000, 0.00000)
(26.49999, 7.50000, 0.00000)
(26.50000, 7.00000, 0.00000)
(26.49999, 8.00000, 0.00000)
(26.50000, 8.49999, 0.00000)
(26.50000, 9.00000, 0.00000)
(26.49999, 10.00000, 0.00000)
(26.50000, 9.50000, 0.00000)
(26.50000, 10.49999, 0.00000)
(26.50000, 11.00000, 0.00000)
(26.50000, 12.00000, 0.00000)
(26.50000, 12.05036, 0.00000)
(26.50001, 11.50000, 0.00000)
(27.00000, -12.05593, 0.00000)
(27.00000, -12.00000, 0.00000)
(27.00000, -11.50000, 0.00000)
(27.00000, -11.00000, 0.00000)
(27.00000, -10.49999, 0.00000)
(27.00000, -10.00000, 0.00000)
(27.00000, -9.50000, 0.00000)
(27.00000, -9.00000, 0.00000)
(27.00000, -8.49999, 0.00000)
(27.00000, -8.00000, 0.00000)
(27.00000, -7.50000, 0.00000)
(27.00000, -7.00000, 0.00000)
(27.00000, -6.50000, 0.00000)
(27.00000, -6.00000, 0.00000)
(27.00000, -5.50000, 0.00000)
(27.00000, -5.00000, 0.00000)
(27.00000, -4.50000, 0.00000)
(27.00000, -4.00000, 0.00000)
(27.00000, -3.50000, 0.00000)
(27.00000, -3.00000, 0.00000)
(27.00000, -2.49999, 0.00000)
(27.00000, -2.00000, 0.00000)
(27.00000, -1.50000, 0.00000)
(27.00000, -1.00000, 0.00000)
(27.00000, -0.50000, 0.00000)
(27.00000, 0.00000, 0.00000)
(27.00000, 0.50000, 0.00000)
(27.00000, 1.00000, 0.00000)
(27.00000, 1.50000, 0.00000)
(27.00000, 2.00000, 0.00000)
(27.00000, 2.49999, 0.00000)
(27.00000, 3.00000, 0.00000)
(27.00000, 3.50000, 0.00000)
(27.00000, 4.00000, 0.00000)
(27.00000, 4.50000, 0.00000)
(27.00000, 5.00000, 0.00000)
(27.00000, 5.50000, 0.00000)
(27.00000, 6.00000, 0.00000)
(27.00000, 6.50000, 0.00000)
(27.00000, 7.00000, 0.00000)
(27.00000, 7.50000, 0.00000)
(27.00000, 8.00000, 0.00000)
(27.00000, 8.49999, 0.00000)
(27.00000, 9.00000, 0.00000)
(27.00000, 9.50000, 0.00000)
(27.00000, 10.00000, 0.00000)
(27.00000, 10.49999, 0.00000)
(27.00000, 11.00000, 0.00000)
(27.00000, 11.50000, 0.00000)
(27.00000, 12.00000, 0.00000)
(27.00000, 12.05593, 0.00000)
(27.50000, -12.01310, 0.00000)
(27.50000, -12.00000, 0.00000)
(27.50000, -11.50000, 0.00000)
(27.49999, -10.00000, 0.00000)
(27.50000, -11.00000, 0.00000)
(27.50001, -10.49999, 0.00000)
(27.50000, -9.00000, 0.00000)
(27.50001, -9.50000, 0.00000)
(27.50000, -8.49999, 0.00000)
(27.50000, -8.00000, 0.00000)
(27.50000, -7.50000, 0.00000)
(27.50000, -7.00000, 0.00000)
(27.50000, -6.50000, 0.00000)
(27.50000, -6.00000, 0.00000)
(27.50000, -5.00000, 0.00000)
(27.50000, -4.50000, 0.00000)
(27.50001, -5.50000, 0.00000)
(27.50000, -3.50000, 0.00000)
(27.49999, -2.00000, 0.00000)
(27.50000, -3.00000, 0.00000)
(27.50001, -4.00000, 0.00000)
(27.50000, -1.50000, 0.00000)
(27.50001, -2.49999, 0.00000)
(27.50000, -1.00000, 0.00000)
(27.50000, -0.50000, 0.00000)
(27.50000, 0.50000, 0.00000)
(27.50001, 0.00000, 0.00000)
(27.50000, 1.00000, 0.00000)
(27.49999, 2.00000, 0.00000)
(27.50000, 1.50000, 0.00000)
(27.50000, 3.00000, 0.00000)
(27.50001, 2.49999, 0.00000)
(27.50000, 3.50000, 0.00000)
(27.50000, 4.50000, 0.00000)
(27.50001, 4.00000, 0.00000)
(27.50000, 5.00000, 0.00000)
(27.50000, 6.00000, 0.00000)
(27.50001, 5.50000, 0.00000)
(27.50000, 6.50000, 0.00000)
(27.50000, 7.00000, 0.00000)
(27.50000, 7.50000, 0.00000)
(27.50000, 8.00000, 0.00000)
(27.50000, 8.49999, 0.00000)
(27.50000, 9.00000, 0.00000)
(27.49999, 10.00000, 0.00000)
(27.50001, 9.50000, 0.00000)
(27.50000, 11.00000, 0.00000)
(27.50001, 10.49999, 0.00000)
(27.50000, 11.50000, 0.00000)
(27.50000, 12.00000, 0.00000)
(27.50000, 12.01310, 0.00000)
(27.57457, -12.00000, 0.00000)
(27.57457, 12.00000, 0.00000)
(28.00000, -11.92506, 0.00000)
(28.00000, -11.50000, 0.00000)
(28.00000, -11.00000, 0.00000)
(28.00000, -10.49999, 0.00000)
(28.00000, -10.00000, 0.00000)
(28.00000, -9.50000, 0.00000)
(28.00000, -9.00000, 0.00000)
(28.00000, -8.49999, 0.00000)
(28.00000, -8.00000, 0.00000)
(28.00000, -7.50000, 0.00000)
(28.00000, -7.00000, 0.00000)
(28.00000, -6.50000, 0.00000)
(28.00000, -6.00000, 0.00000)
(28.00000, -5.50000, 0.00000)
(28.00000, -5.00000, 0.00000)
(28.00000, -4.50000, 0.00000)
(28.00000, -4.00000, 0.00000)
(28.00000, -3.50000, 0.00000)
(28.00000, -3.00000, 0.00000)
(28.00000, -2.49999, 0.00000)
(28.00000, -2.00000, 0.00000)
(28.00000, -1.50000, 0.00000)
(28.00000, -1.00000, 0.00000)
(28.00000, -0.50000, 0.00000)
(28.00000, 0.00000, 0.00000)
(28.00000, 0.50000, 0.00000)
(28.00000, 1.00000, 0.00000)
(28.00000, 1.50000, 0.00000)
(28.00000, 2.00000, 0.00000)
(28.00000, 2.49999, 0.00000)
(28.00000, 3.00000, 0.00000)
(28.00000, 3.50000, 0.00000)
(28.00000, 4.00000, 0.00000)
(28.00000, 4.50000, 0.00000)
(28.00000, 5.00000, 0.00000)
(28.00000, 5.50000, 0.00000)
(28.00000, 6.00000, 0.00000)
(28.00000, 6.50000, 0.00000)
(28.00000, 7.00000, 0.00000)
(28.00000, 7.50000, 0.00000)
(28.00000, 8.00000, 0.00000)
(28.00000, 8.49999, 0.00000)
(28.00000, 9.00000, 0.00000)
(28.00000, 9.50000, 0.00000)
(28.00000, 10.00000, 0.00000)
(28.00000, 10.49999, 0.00000)
(28.00000, 11.00000, 0.00000)
(28.00000, 11.50000, 0.00000)
(28.00000, 11.92506, 0.00000)
(28.50000, -11.79739, 0.00000)
(28.50000, -11.50000, 0.00000)
(28.50000, -11.00000, 0.00000)
(28.50000, -10.49999, 0.00000)
(28.50000, -10.00000, 0.00000)
(28.50000, -9.50000, 0.00000)
(28.49999, -8.49999, 0.00000)
(28.50000, -9.00000, 0.00000)
(28.49999, -7.50000, 0.00000)
(28.50000, -8.00000, 0.00000)
(28.50000, -7.00000, 0.00000)
(28.50000, -6.50000, 0.00000)
(28.50000, -6.00000, 0.00000)
(28.50000, -5.50000, 0.00000)
(28.50000, -4.00000, 0.00000)
(28.50001, -5.00000, 0.00000)
(28.50000, -3.50000, 0.00000)
(28.50001, -4.50000, 0.00000)
(28.50000, -3.00000, 0.00000)
(28.50000, -2.00000, 0.00000)
(28.50001, -2.49999, 0.00000)
(28.50000, -0.50000, 0.00000)
(28.50001, -1.50000, 0.00000)
(28.50001, -1.00000, 0.00000)
(28.50000, 0.50000, 0.00000)
(28.50001, 0.00000, 0.00000)
(28.50001, 1.00000, 0.00000)
(28.50000, 2.00000, 0.00000)
(28.50001, 1.50000, 0.00000)
(28.50000, 3.00000, 0.00000)
(28.50001, 2.49999, 0.00000)
(28.50000, 3.50000, 0.00000)
(28.50000, 4.00000, 0.00000)
(28.50001, 4.50000, 0.00000)
(28.50000, 5.50000, 0.00000)
(28.50001, 5.00000, 0.00000)
(28.50000, 6.00000, 0.00000)
(28.50000, 6.50000, 0.00000)
(28.49999, 7.50000, 0.00000)
(28.50000, 7.00000, 0.00000)
(28.49999, 8.49999, 0.00000)
(28.50000, 8.00000, 0.00000)
(28.50000, 9.00000, 0.00000)
(28.50000, 9.50000, 0.00000)
(28.50000, 10.00000, 0.00000)
(28.50000, 10.49999, 0.00000)
(28.50000, 11.00000, 0.00000)
(28.50000, 11.50000, 0.00000)
(28.50000, 11.79739, 0.00000)
(29.00000, -11.63527, 0.00000)
(29.00000, -11.50000, 0.00000)
(29.00000, -11.00000, 0.00000)
(29.00000, -10.49999, 0.00000)
(29.00000, -10.00000, 0.00000)
(29.00000, -9.50000, 0.00000)
(29.00000, -9.00000, 0.00000)
(29.00000, -8.49999, 0.00000)
(29.00000, -8.00000, 0.00000)
(29.00000, -7.50000, 0.00000)
(29.00000, -7.00000, 0.00000)
(29.00000, -6.50000, 0.00000)
(29.00000, -6.00000, 0.00000)
(29.00000, -5.50000, 0.00000)
(29.00000, -5.00000, 0.00000)
(29.00000, -4.50000, 0.00000)
(29.00000, -4.00000, 0.00000)
(29.00000, -3.50000, 0.00000)
(29.00000, -3.00000, 0.00000)
(29.00000, -2.49999, 0.00000)
(29.00000, -2.00000, 0.00000)
(29.00000, -1.50000, 0.00000)
(29.00000, -1.00000, 0.00000)
(29.00000, -0.50000, 0.00000)
(29.00000, 0.00000, 0.00000)
(29.00000, 0.50000, 0.00000)
(29.00000, 1.00000, 0.00000)
(29.00000, 1.50000, 0.00000)
(29.00000, 2.00000, 0.00000)
(29.00000, 2.49999, 0.00000)
(29.00000, 3.00000, 0.00000)
(29.00000, 3.50000, 0.00000)
(29.00000, 4.00000, 0.00000)
(29.00000, 4.50000, 0.00000)
(29.00000, 5.00000, 0.00000)
(29.00000, 5.50000, 0.00000)
(29.00000, 6.00000, 0.00000)
(29.00000, 6.50000, 0.00000)
(29.00000, 7.00000, 0.00000)
(29.00000, 7.50000, 0.00000)
(29.00000, 8.00000, 0.00000)
(29.00000, 8.49999, 0.00000)
(29.00000, 9.00000, 0.00000)
(29.00000, 9.50000, 0.00000)
(29.00000, 10.00000, 0.00000)
(29.00000, 10.49999, 0.00000)
(29.00000, 11.00000, 0.00000)
(29.00000, 11.50000, 0.00000)
(29.00000, 11.63527, 0.00000)
(29.35161, -11.50000, 0.00000)
(29.35161, 11.50000, 0.00000)
(29.49999, -10.49999, 0.00000)
(29.50001, -11.44260, 0.00000)
(29.50000, -10.00000, 0.00000)
(29.50001, -11.00000, 0.00000)
(29.50000, -9.50000, 0.00000)
(29.49999, -8.49999, 0.00000)
(29.50000, -9.00000, 0.00000)
(29.50000, -7.50000, 0.00000)
(29.50000, -7.00000, 0.00000)
(29.50001, -8.00000, 0.00000)
(29.50000, -6.50000, 0.00000)
(29.50000, -6.00000, 0.00000)
(29.50000, -5.50000, 0.00000)
(29.50000, -4.50000, 0.00000)
(29.50000, -4.00000, 0.00000)
(29.50001, -5.00000, 0.00000)
(29.50000, -3.50000, 0.00000)
(29.50000, -3.00000, 0.00000)
(29.50000, -2.49999, 0.00000)
(29.50000, -2.00000, 0.00000)
(29.50000, -1.50000, 0.00000)
(29.49999, 0.00000, 0.00000)
(29.50000, -0.50000, 0.00000)
(29.50001, -1.00000, 0.00000)
(29.50000, 0.50000, 0.00000)
(29.50000, 1.50000, 0.00000)
(29.50001, 1.00000, 0.00000)
(29.50000, 2.00000, 0.00000)
(29.50000, 2.49999, 0.00000)
(29.50000, 3.00000, 0.00000)
(29.50000, 3.50000, 0.00000)
(29.50000, 4.00000, 0.00000)
(29.50000, 4.50000, 0.00000)
(29.50000, 5.50000, 0.00000)
(29.50001, 5.00000, 0.00000)
(29.50000, 6.00000, 0.00000)
(29.50000, 6.50000, 0.00000)
(29.50000, 7.00000, 0.00000)
(29.49999, 8.49999, 0.00000)
(29.50000, 7.50000, 0.00000)
(29.50001, 8.00000, 0.00000)
(29.50000, 9.00000, 0.00000)
(29.49999, 10.49999, 0.00000)
(29.50000, 9.50000, 0.00000)
(29.50000, 10.00000, 0.00000)
(29.50001, 11.00000, 0.00000)
(29.50001, 11.44260, 0.00000)
(30.00000, -11.22240, 0.00000)
(30.00000, -11.00000, 0.00000)
(30.00000, -10.49999, 0.00000)
(30.00000, -10.00000, 0.00000)
(30.00000, -9.50000, 0.00000)
(30.00000, -9.00000, 0.00000)
(30.00000, -8.49999, 0.00000)
(30.00000, -8.00000, 0.00000)
(30.00000, -7.50000, 0.00000)
(30.00000, -7.00000, 0.00000)
(30.00000, -6.50000, 0.00000)
(30.00000, -6.00000, 0.00000)
(30.00000, -5.50000, 0.00000)
(30.00000, -5.00000, 0.00000)
(30.00000, -4.50000, 0.00000)
(30.00000, -4.00000, 0.00000)
(30.00000, -3.50000, 0.00000)
(30.00000, -3.00000, 0.00000)
(30.00000, -2.49999, 0.00000)
(30.00000, -2.00000, 0.00000)
(30.00000, -1.50000, 0.00000)
(30.00000, -1.00000, 0.00000)
(30.00000, -0.50000, 0.00000)
(30.00000, 0.00000, 0.00000)
(30.00000, 0.50000, 0.00000)
(30.00000, 1.00000, 0.00000)
(30.00000, 1.50000, 0.00000)
(30.00000, 2.00000, 0.00000)
(30.00000, 2.49999, 0.00000)
(30.00000, 3.00000, 0.00000)
(30.00000, 3.50000, 0.00000)
(30.00000, 4.00000, 0.00000)
(30.00000, 4.50000, 0.00000)
(30.00000, 5.00000, 0.00000)
(30.00000, 5.50000, 0.00000)
(30.00000, 6.00000, 0.00000)
(30.00000, 6.50000, 0.00000)
(30.00000, 7.00000, 0.00000)
(30.00000, 7.50000, 0.00000)
(30.00000, 8.00000, 0.00000)
(30.00000, 8.49999, 0.00000)
(30.00000, 9.00000, 0.00000)
(30.00000, 9.50000, 0.00000)
(30.00000, 10.00000, 0.00000)
(30.00000, 10.49999, 0.00000)
(30.00000, 11.00000, 0.00000)
(30.00000, 11.22240, 0.00000)
(30.45495, -11.00000, 0.00000)
(30.45495, 11.00000, 0.00000)
(30.50000, -10.97778, 0.00000)
(30.50000, -10.49999, 0.00000)
(30.50000, -10.00000, 0.00000)
(30.50000, -9.50000, 0.00000)
(30.50000, -9.00000, 0.00000)
(30.50000, -8.49999, 0.00000)
(30.50000, -8.00000, 0.00000)
(30.50000, -7.50000, 0.00000)
(30.50000, -7.00000, 0.00000)
(30.50000, -6.50000, 0.00000)
(30.50000, -6.00000, 0.00000)
(30.50000, -5.00000, 0.00000)
(30.50000, -4.50000, 0.00000)
(30.50001, -5.50000, 0.00000)
(30.50000, -4.00000, 0.00000)
(30.50000, -3.50000, 0.00000)
(30.50000, -2.00000, 0.00000)
(30.50001, -3.00000, 0.00000)
(30.50001, -2.49999, 0.00000)
(30.50000, -1.00000, 0.00000)
(30.50000, -0.50000, 0.00000)
(30.50001, -1.50000, 0.00000)
(30.50000, 0.00000, 0.00000)
(30.50000, 0.50000, 0.00000)
(30.50000, 1.00000, 0.00000)
(30.50000, 2.00000, 0.00000)
(30.50001, 1.50000, 0.00000)
(30.50001, 2.49999, 0.00000)
(30.50000, 3.50000, 0.00000)
(30.50001, 3.00000, 0.00000)
(30.50000, 4.00000, 0.00000)
(30.50000, 4.50000, 0.00000)
(30.50000, 5.00000, 0.00000)
(30.50000, 6.00000, 0.00000)
(30.50001, 5.50000, 0.00000)
(30.50000, 6.50000, 0.00000)
(30.50000, 7.00000, 0.00000)
(30.50000, 7.50000, 0.00000)
(30.50000, 8.00000, 0.00000)
(30.50000, 8.49999, 0.00000)
(30.50000, 9.00000, 0.00000)
(30.50000, 9.50000, 0.00000)
(30.50000, 10.00000, 0.00000)
(30.50000, 10.49999, 0.00000)
(30.50000, 10.97778, 0.00000)
(31.00000, -10.70884, 0.00000)
(31.00000, -10.49999, 0.00000)
(31.00000, -10.00000, 0.00000)
(31.00000, -9.50000, 0.00000)
(31.00000, -9.00000, 0.00000)
(31.00000, -8.49999, 0.00000)
(31.00000, -8.00000, 0.00000)
(31.00000, -7.50000, 0.00000)
(31.00000, -7.00000, 0.00000)
(31.00000, -6.50000, 0.00000)
(31.00000, -6.00000, 0.00000)
(31.00000, -5.50000, 0.00000)
(31.00000, -5.00000, 0.00000)
(31.00000, -4.50000, 0.00000)
(31.00000, -4.00000, 0.00000)
(31.00000, -3.50000, 0.00000)
(31.00000, -3.00000, 0.00000)
(31.00000, -2.49999, 0.00000)
(31.00000, -2.00000, 0.00000)
(31.00000, -1.50000, 0.00000)
(31.00000, -1.00000, 0.00000)
(31.00000, -0.50000, 0.00000)
(31.00000, 0.00000, 0.00000)
(31.00000, 0.50000, 0.00000)
(31.00000, 1.00000, 0.00000)
(31.00000, 1.50000, 0.00000)
(31.00000, 2.00000, 0.00000)
(31.00000, 2.49999, 0.00000)
(31.00000, 3.00000, 0.00000)
(31.00000, 3.50000, 0.00000)
(31.00000, 4.00000, 0.00000)
(31.00000, 4.50000, 0.00000)
(31.00000, 5.00000, 0.00000)
(31.00000, 5.50000, 0.00000)
(31.00000, 6.00000, 0.00000)
(31.00000, 6.50000, 0.00000)
(31.00000, 7.00000, 0.00000)
(31.00000, 7.50000, 0.00000)
(31.00000, 8.00000, 0.00000)
(31.00000, 8.49999, 0.00000)
(31.00000, 9.00000, 0.00000)
(31.00000, 9.50000, 0.00000)
(31.00000, 10.00000, 0.00000)
(31.00000, 10.49999, 0.00000)
(31.00000, 10.70884, 0.00000)
(31.35765, -10.49999, 0.00000)
(31.35765, 10.49999, 0.00000)
(31.49999, -9.50000, 0.00000)
(31.50000, -10.41610, 0.00000)
(31.50000, -10.00000, 0.00000)
(31.50000, -9.00000, 0.00000)
(31.50000, -8.00000, 0.00000)
(31.50000, -7.50000, 0.00000)
(31.50001, -8.49999, 0.00000)
(31.50000, -6.50000, 0.00000)
(31.50000, -6.00000, 0.00000)
(31.50001, -7.00000, 0.00000)
(31.49999, -4.50000, 0.00000)
(31.50000, -5.50000, 0.00000)
(31.50000, -5.00000, 0.00000)
(31.50000, -4.00000, 0.00000)
(31.50000, -3.50000, 0.00000)
(31.49999, -2.49999, 0.00000)
(31.50000, -3.00000, 0.00000)
(31.49999, -1.00000, 0.00000)
(31.50000, -2.00000, 0.00000)
(31.50000, -1.50000, 0.00000)
(31.49999, 0.00000, 0.00000)
(31.50000, -0.50000, 0.00000)
(31.49999, 1.00000, 0.00000)
(31.50000, 0.50000, 0.00000)
(31.49999, 2.49999, 0.00000)
(31.50000, 1.50000, 0.00000)
(31.50000, 2.00000, 0.00000)
(31.50000, 3.00000, 0.00000)
(31.50000, 3.50000, 0.00000)
(31.49999, 4.50000, 0.00000)
(31.50000, 4.00000, 0.00000)
(31.50000, 5.00000, 0.00000)
(31.50000, 5.50000, 0.00000)
(31.50000, 6.00000, 0.00000)
(31.50000, 6.50000, 0.00000)
(31.50000, 7.50000, 0.00000)
(31.50001, 7.00000, 0.00000)
(31.50000, 8.00000, 0.00000)
(31.49999, 9.50000, 0.00000)
(31.50000, 9.00000, 0.00000)
(31.50001, 8.49999, 0.00000)
(31.50000, 10.00000, 0.00000)
(31.50000, 10.41610, 0.00000)
(32.00000, -10.09871, 0.00000)
(32.00000, -10.00000, 0.00000)
(32.00000, -9.50000, 0.00000)
(32.00000, -9.00000, 0.00000)
(32.00000, -8.49999, 0.00000)
(32.00000, -8.00000, 0.00000)
(32.00000, -7.50000, 0.00000)
(32.00000, -7.00000, 0.00000)
(32.00000, -6.50000, 0.00000)
(32.00000, -6.00000, 0.00000)
(32.00000, -5.50000, 0.00000)
(32.00000, -5.00000, 0.00000)
(32.00000, -4.50000, 0.00000)
(32.00000, -4.00000, 0.00000)
(32.00000, -3.50000, 0.00000)
(32.00000, -3.00000, 0.00000)
(32.00000, -2.49999, 0.00000)
(32.00000, -2.00000, 0.00000)
(32.00000, -1.50000, 0.00000)
(32.00000, -1.00000, 0.00000)
(32.00000, -0.50000, 0.00000)
(32.00000, 0.00000, 0.00000)
(32.00000, 0.50000, 0.00000)
(32.00000, 1.00000, 0.00000)
(32.00000, 1.50000, 0.00000)
(32.00000, 2.00000, 0.00000)
(32.00000, 2.49999, 0.00000)
(32.00000, 3.00000, 0.00000)
(32.00000, 3.50000, 0.00000)
(32.00000, 4.00000, 0.00000)
(32.00000, 4.50000, 0.00000)
(32.00000, 5.00000, 0.00000)
(32.00000, 5.50000, 0.00000)
(32.00000, 6.00000, 0.00000)
(32.00000, 6.50000, 0.00000)
(32.00000, 7.00000, 0.00000)
(32.00000, 7.50000, 0.00000)
(32.00000, 8.00000, 0.00000)
(32.00000, 8.49999, 0.00000)
(32.00000, 9.00000, 0.00000)
(32.00000, 9.50000, 0.00000)
(32.00000, 10.00000, 0.00000)
(32.00000, 10.09871, 0.00000)
(32.14381, -10.00000, 0.00000)
(32.14381, 10.00000, 0.00000)
(32.50000, -9.75495, 0.00000)
(32.50000, -9.50000, 0.00000)
(32.50000, -9.00000, 0.00000)
(32.49999, -7.50000, 0.00000)
(32.50000, -8.49999, 0.00000)
(32.50000, -8.00000, 0.00000)
(32.49999, -6.00000, 0.00000)
(32.50000, -7.00000, 0.00000)
(32.50000, -6.50000, 0.00000)
(32.50000, -5.00000, 0.00000)
(32.50000, -4.50000, 0.00000)
(32.50001, -5.50000, 0.00000)
(32.50000, -4.00000, 0.00000)
(32.50000, -3.50000, 0.00000)
(32.50000, -3.00000, 0.00000)
(32.49999, -1.50000, 0.00000)
(32.50000, -2.49999, 0.00000)
(32.50000, -2.00000, 0.00000)
(32.49999, -0.50000, 0.00000)
(32.50000, -1.00000, 0.00000)
(32.49999, 0.50000, 0.00000)
(32.50000, 0.00000, 0.00000)
(32.49999, 1.50000, 0.00000)
(32.50000, 1.00000, 0.00000)
(32.50000, 2.00000, 0.00000)
(32.50000, 2.49999, 0.00000)
(32.50000, 3.00000, 0.00000)
(32.50000, 3.50000, 0.00000)
(32.50000, 4.00000, 0.00000)
(32.50000, 4.50000, 0.00000)
(32.49999, 6.00000, 0.00000)
(32.50000, 5.00000, 0.00000)
(32.49999, 7.50000, 0.00000)
(32.50000, 6.50000, 0.00000)
(32.50001, 5.50000, 0.00000)
(32.50000, 7.00000, 0.00000)
(32.50000, 8.00000, 0.00000)
(32.50000, 8.49999, 0.00000)
(32.50000, 9.00000, 0.00000)
(32.50000, 9.50000, 0.00000)
(32.50000, 9.75495, 0.00000)
(32.84542, -9.50000, 0.00000)
(32.84542, 9.50000, 0.00000)
(33.00000, -9.38570, 0.00000)
(33.00000, -9.00000, 0.00000)
(33.00000, -8.49999, 0.00000)
(33.00000, -8.00000, 0.00000)
(33.00000, -7.50000, 0.00000)
(33.00000, -7.00000, 0.00000)
(33.00000, -6.50000, 0.00000)
(33.00000, -6.00000, 0.00000)
(33.00000, -5.50000, 0.00000)
(33.00000, -5.00000, 0.00000)
(33.00000, -4.50000, 0.00000)
(33.00000, -4.00000, 0.00000)
(33.00000, -3.50000, 0.00000)
(33.00000, -3.00000, 0.00000)
(33.00000, -2.49999, 0.00000)
(33.00000, -2.00000, 0.00000)
(33.00000, -1.50000, 0.00000)
(33.00000, -1.00000, 0.00000)
(33.00000, -0.50000, 0.00000)
(33.00000, 0.00000, 0.00000)
(33.00000, 0.50000, 0.00000)
(33.00000, 1.00000, 0.00000)
(33.00000, 1.50000, 0.00000)
(33.00000, 2.00000, 0.00000)
(33.00000, 2.49999, 0.00000)
(33.00000, 3.00000, 0.00000)
(33.00000, 3.50000, 0.00000)
(33.00000, 4.00000, 0.00000)
(33.00000, 4.50000, 0.00000)
(33.00000, 5.00000, 0.00000)
(33.00000, 5.50000, 0.00000)
(33.00000, 6.00000, 0.00000)
(33.00000, 6.50000, 0.00000)
(33.00000, 7.00000, 0.00000)
(33.00000, 7.50000, 0.00000)
(33.00000, 8.00000, 0.00000)
(33.00000, 8.49999, 0.00000)
(33.00000, 9.00000, 0.00000)
(33.00000, 9.38570, 0.00000)
(33.49379, -9.00000, 0.00000)
(33.49379, 9.00000, 0.00000)
(33.50000, -8.99508, 0.00000)
(33.49999, -7.50000, 0.00000)
(33.50000, -8.49999, 0.00000)
(33.50000, -8.00000, 0.00000)
(33.50000, -7.00000, 0.00000)
(33.50000, -6.50000, 0.00000)
(33.50000, -6.00000, 0.00000)
(33.50000, -5.50000, 0.00000)
(33.50000, -5.00000, 0.00000)
(33.50000, -4.50000, 0.00000)
(33.49999, -3.00000, 0.00000)
(33.50000, -4.00000, 0.00000)
(33.50000, -3.50000, 0.00000)
(33.49999, -2.49999, 0.00000)
(33.50000, -2.00000, 0.00000)
(33.50000, -1.50000, 0.00000)
(33.50000, -1.00000, 0.00000)
(33.50000, -0.50000, 0.00000)
(33.50000, 0.00000, 0.00000)
(33.50000, 0.50000, 0.00000)
(33.50000, 1.00000, 0.00000)
(33.49999, 2.49999, 0.00000)
(33.50000, 1.50000, 0.00000)
(33.49999, 3.00000, 0.00000)
(33.50000, 2.00000, 0.00000)
(33.50000, 3.50000, 0.00000)
(33.50000, 4.00000, 0.00000)
(33.50000, 4.50000, 0.00000)
(33.50000, 5.00000, 0.00000)
(33.50000, 5.50000, 0.00000)
(33.50000, 6.00000, 0.00000)
(33.49999, 7.50000, 0.00000)
(33.50000, 6.50000, 0.00000)
(33.50000, 7.00000, 0.00000)
(33.50000, 8.00000, 0.00000)
(33.50000, 8.49999, 0.00000)
(33.50000, 8.99508, 0.00000)
(34.00000, -8.49999, 0.00000)
(34.00000, -8.00000, 0.00000)
(34.00000, -7.50000, 0.00000)
(34.00000, -7.00000, 0.00000)
(34.00000, -6.50000, 0.00000)
(34.00000, -6.00000, 0.00000)
(34.00000, -5.50000, 0.00000)
(34.00000, -5.00000, 0.00000)
(34.00000, -4.50000, 0.00000)
(34.00000, -4.00000, 0.00000)
(34.00000, -3.50000, 0.00000)
(34.00000, -3.00000, 0.00000)
(34.00000, -2.49999, 0.00000)
(34.00000, -2.00000, 0.00000)
(34.00000, -1.50000, 0.00000)
(34.00000, -1.00000, 0.00000)
(34.00000, -0.50000, 0.00000)
(34.00000, 0.00000, 0.00000)
(34.00000, 0.50000, 0.00000)
(34.00000, 1.00000, 0.00000)
(34.00000, 1.50000, 0.00000)
(34.00000, 2.00000, 0.00000)
(34.00000, 2.49999, 0.00000)
(34.00000, 3.00000, 0.00000)
(34.00000, 3.50000, 0.00000)
(34.00000, 4.00000, 0.00000)
(34.00000, 4.50000, 0.00000)
(34.00000, 5.00000, 0.00000)
(34.00000, 5.50000, 0.00000)
(34.00000, 6.00000, 0.00000)
(34.00000, 6.50000, 0.00000)
(34.00000, 7.00000, 0.00000)
(34.00000, 7.50000, 0.00000)
(34.00000, 8.00000, 0.00000)
(34.00000, 8.49999, 0.00000)
(34.49999, -7.00000, 0.00000)
(34.50000, -8.00000, 0.00000)
(34.50000, -7.50000, 0.00000)
(34.50000, -6.50000, 0.00000)
(34.50000, -6.00000, 0.00000)
(34.50000, -5.50000, 0.00000)
(34.50000, -5.00000, 0.00000)
(34.50000, -4.50000, 0.00000)
(34.49999, -3.00000, 0.00000)
(34.50000, -4.00000, 0.00000)
(34.50000, -3.50000, 0.00000)
(34.49999, -2.49999, 0.00000)
(34.49999, -0.50000, 0.00000)
(34.49999, 0.00000, 0.00000)
(34.50000, -1.00000, 0.00000)
(34.50001, -2.00000, 0.00000)
(34.49999, 0.50000, 0.00000)
(34.50001, -1.50000, 0.00000)
(34.50000, 1.00000, 0.00000)
(34.49999, 2.49999, 0.00000)
(34.49999, 3.00000, 0.00000)
(34.50001, 1.50000, 0.00000)
(34.50001, 2.00000, 0.00000)
(34.50000, 3.50000, 0.00000)
(34.50000, 4.00000, 0.00000)
(34.50000, 4.50000, 0.00000)
(34.50000, 5.00000, 0.00000)
(34.50000, 5.50000, 0.00000)
(34.49999, 7.00000, 0.00000)
(34.50000, 6.00000, 0.00000)
(34.50000, 6.50000, 0.00000)
(34.50000, 7.50000, 0.00000)
(34.50000, 8.00000, 0.00000)
(35.00000, -7.50000, 0.00000)
(35.00000, -7.00000, 0.00000)
(35.00000, -6.50000, 0.00000)
(35.00000, -6.00000, 0.00000)
(35.00000, -5.50000, 0.00000)
(35.00000, -5.00000, 0.00000)
(35.00000, -4.50000, 0.00000)
(35.00000, -4.00000, 0.00000)
(35.00000, -3.50000, 0.00000)
(35.00000, -3.00000, 0.00000)
(35.00000, -2.49999, 0.00000)
(35.00000, -2.00000, 0.00000)
(35.00000, -1.50000, 0.00000)
(35.00000, -1.00000, 0.00000)
(35.00000, -0.50000, 0.00000)
(35.00000, 0.00000, 0.00000)
(35.00000, 0.50000, 0.00000)
(35.00000, 1.00000, 0.00000)
(35.00000, 1.50000, 0.00000)
(35.00000, 2.00000, 0.00000)
(35.00000, 2.49999, 0.00000)
(35.00000, 3.00000, 0.00000)
(35.00000, 3.50000, 0.00000)
(35.00000, 4.00000, 0.00000)
(35.00000, 4.50000, 0.00000)
(35.00000, 5.00000, 0.00000)
(35.00000, 5.50000, 0.00000)
(35.00000, 6.00000, 0.00000)
(35.00000, 6.50000, 0.00000)
(35.00000, 7.00000, 0.00000)
(35.00000, 7.50000, 0.00000)
(35.19579, -7.50000, 0.00000)
(35.19579, 7.50000, 0.00000)
(35.50000, -7.14196, 0.00000)
(35.50000, -7.00000, 0.00000)
(35.49999, -5.50000, 0.00000)
(35.50000, -6.50000, 0.00000)
(35.50000, -6.00000, 0.00000)
(35.50000, -5.00000, 0.00000)
(35.49999, -3.50000, 0.00000)
(35.50000, -4.50000, 0.00000)
(35.50000, -4.00000, 0.00000)
(35.50000, -3.00000, 0.00000)
(35.49999, -1.50000, 0.00000)
(35.50000, -2.49999, 0.00000)
(35.50000, -2.00000, 0.00000)
(35.49999, -0.50000, 0.00000)
(35.49999, 0.50000, 0.00000)
(35.50000, 0.00000, 0.00000)
(35.50001, -1.00000, 0.00000)
(35.49999, 1.50000, 0.00000)
(35.50000, 2.00000, 0.00000)
(35.50001, 1.00000, 0.00000)
(35.50000, 2.49999, 0.00000)
(35.49999, 3.50000, 0.00000)
(35.50000, 3.00000, 0.00000)
(35.50000, 4.00000, 0.00000)
(35.49999, 5.50000, 0.00000)
(35.50000, 4.50000, 0.00000)
(35.50000, 5.00000, 0.00000)
(35.50000, 6.00000, 0.00000)
(35.50000, 6.50000, 0.00000)
(35.50000, 7.00000, 0.00000)
(35.50000, 7.14196, 0.00000)
(35.61490, -7.00000, 0.00000)
(35.61490, 7.00000, 0.00000)
(36.00000, -6.53575, 0.00000)
(36.00000, -6.50000, 0.00000)
(36.00000, -6.00000, 0.00000)
(36.00000, -5.50000, 0.00000)
(36.00000, -5.00000, 0.00000)
(36.00000, -4.50000, 0.00000)
(36.00000, -4.00000, 0.00000)
(36.00000, -3.50000, 0.00000)
(36.00000, -3.00000, 0.00000)
(36.00000, -2.49999, 0.00000)
(36.00000, -2.00000, 0.00000)
(36.00000, -1.50000, 0.00000)
(36.00000, -1.00000, 0.00000)
(36.00000, -0.50000, 0.00000)
(36.00000, 0.00000, 0.00000)
(36.00000, 0.50000, 0.00000)
(36.00000, 1.00000, 0.00000)
(36.00000, 1.50000, 0.00000)
(36.00000, 2.00000, 0.00000)
(36.00000, 2.49999, 0.00000)
(36.00000, 3.00000, 0.00000)
(36.00000, 3.50000, 0.00000)
(36.00000, 4.00000, 0.00000)
(36.00000, 4.50000, 0.00000)
(36.00000, 5.00000, 0.00000)
(36.00000, 5.50000, 0.00000)
(36.00000, 6.00000, 0.00000)
(36.00000, 6.50000, 0.00000)
(36.00000, 6.53575, 0.00000)
(36.02873, -6.50000, 0.00000)
(36.02873, 6.50000, 0.00000)
(36.43580, -6.00000, 0.00000)
(36.43580, 6.00000, 0.00000)
(36.49999, -5.00000, 0.00000)
(36.50000, -5.92053, 0.00000)
(36.50000, -5.50000, 0.00000)
(36.50000, -4.50000, 0.00000)
(36.50000, -4.00000, 0.00000)
(36.50000, -3.50000, 0.00000)
(36.50000, -3.00000, 0.00000)
(36.49999, -1.50000, 0.00000)
(36.50000, -2.00000, 0.00000)
(36.49999, -0.50000, 0.00000)
(36.50001, -2.49999, 0.00000)
(36.50000, -1.00000, 0.00000)
(36.49999, 0.50000, 0.00000)
(36.49999, 1.50000, 0.00000)
(36.50000, 1.00000, 0.00000)
(36.50001, 0.00000, 0.00000)
(36.50000, 2.00000, 0.00000)
(36.50000, 3.00000, 0.00000)
(36.50001, 2.49999, 0.00000)
(36.50000, 3.50000, 0.00000)
(36.49999, 5.00000, 0.00000)
(36.50000, 4.00000, 0.00000)
(36.50000, 4.50000, 0.00000)
(36.50000, 5.50000, 0.00000)
(36.50000, 5.92053, 0.00000)
(36.83239, -5.50000, 0.00000)
(36.83239, 5.50000, 0.00000)
(37.00000, -5.28297, 0.00000)
(37.00000, -5.00000, 0.00000)
(37.00000, -4.50000, 0.00000)
(37.00000, -4.00000, 0.00000)
(37.00000, -3.50000, 0.00000)
(37.00000, -3.00000, 0.00000)
(37.00000, -2.49999, 0.00000)
(37.00000, -2.00000, 0.00000)
(37.00000, -1.50000, 0.00000)
(37.00000, -1.00000, 0.00000)
(37.00000, -0.50000, 0.00000)
(37.00000, 0.00000, 0.00000)
(37.00000, 0.50000, 0.00000)
(37.00000, 1.00000, 0.00000)
(37.00000, 1.50000, 0.00000)
(37.00000, 2.00000, 0.00000)
(37.00000, 2.49999, 0.00000)
(37.00000, 3.00000, 0.00000)
(37.00000, 3.50000, 0.00000)
(37.00000, 4.00000, 0.00000)
(37.00000, 4.50000, 0.00000)
(37.00000, 5.00000, 0.00000)
(37.00000, 5.28297, 0.00000)
(37.21442, -5.00000, 0.00000)
(37.21442, 5.00000, 0.00000)
(37.50000, -4.60688, 0.00000)
(37.50000, -4.50000, 0.00000)
(37.49999, -3.00000, 0.00000)
(37.50000, -4.00000, 0.00000)
(37.50000, -3.50000, 0.00000)
(37.50000, -2.00000, 0.00000)
(37.49999, -0.50000, 0.00000)
(37.50001, -2.49999, 0.00000)
(37.50000, -1.00000, 0.00000)
(37.49999, 0.50000, 0.00000)
(37.50001, -1.50000, 0.00000)
(37.50000, 0.00000, 0.00000)
(37.50000, 1.00000, 0.00000)
(37.49999, 3.00000, 0.00000)
(37.50000, 2.00000, 0.00000)
(37.50001, 1.50000, 0.00000)
(37.50001, 2.49999, 0.00000)
(37.50000, 3.50000, 0.00000)
(37.50000, 4.00000, 0.00000)
(37.50000, 4.50000, 0.00000)
(37.50000, 4.60688, 0.00000)
(37.57637, -4.50000, 0.00000)
(37.57637, 4.50000, 0.00000)
(37.91033, -4.00000, 0.00000)
(37.91033, 4.00000, 0.00000)
(38.00000, -3.85059, 0.00000)
(38.00000, -3.50000, 0.00000)
(38.00000, -3.00000, 0.00000)
(38.00000, -2.49999, 0.00000)
(38.00000, -2.00000, 0.00000)
(38.00000, -1.50000, 0.00000)
(38.00000, -1.00000, 0.00000)
(38.00000, -0.50000, 0.00000)
(38.00000, 0.00000, 0.00000)
(38.00000, 0.50000, 0.00000)
(38.00000, 1.00000, 0.00000)
(38.00000, 1.50000, 0.00000)
(38.00000, 2.00000, 0.00000)
(38.00000, 2.49999, 0.00000)
(38.00000, 3.00000, 0.00000)
(38.00000, 3.50000, 0.00000)
(38.00000, 3.85059, 0.00000)
(38.20778, -3.50000, 0.00000)
(38.20778, 3.50000, 0.00000)
(38.46694, -3.00000, 0.00000)
(38.46694, 3.00000, 0.00000)
(38.49999, -2.92615, 0.00000)
(38.49999, -2.49999, 0.00000)
(38.50000, -2.00000, 0.00000)
(38.50000, -1.50000, 0.00000)
(38.50000, -1.00000, 0.00000)
(38.50000, 0.00000, 0.00000)
(38.50001, -0.50000, 0.00000)
(38.50000, 1.00000, 0.00000)
(38.49999, 2.49999, 0.00000)
(38.50000, 1.50000, 0.00000)
(38.50001, 0.50000, 0.00000)
(38.49999, 2.92615, 0.00000)
(38.50000, 2.00000, 0.00000)
(38.68925, -2.49999, 0.00000)
(38.68925, 2.49999, 0.00000)
(38.87713, -2.00000, 0.00000)
(38.87713, 2.00000, 0.00000)
(39.00000, -1.60242, 0.00000)
(39.00000, -1.50000, 0.00000)
(39.00000, -1.00000, 0.00000)
(39.00000, -0.50000, 0.00000)
(39.00000, 0.00000, 0.00000)
(39.00000, 0.50000, 0.00000)
(39.00000, 1.00000, 0.00000)
(39.00000, 1.50000, 0.00000)
(39.00000, 1.60242, 0.00000)
(39.03157, -1.50000, 0.00000)
(39.03157, 1.50000, 0.00000)
(39.14897, -1.00000, 0.00000)
(39.14897, 1.00000, 0.00000)
(39.22379, -0.50000, 0.00000)
(39.22379, 0.50000, 0.00000)
(39.25011, 0.00000, 0.00000)
